move_2  [
  21.46588 -8.733849 -8.016436 5.581646 10.30136 3.826142 -7.752469 6.955452 -7.870034 -9.996801 9.683141 8.73908 -3.85567 
  21.84846 -0.6497015 -8.038918 9.274988 -0.3139461 -2.099087 -20.02962 3.693624 0.8590161 -13.16008 5.406833 0.5404158 7.871169 
  22.00591 3.811392 -8.68489 4.666402 -12.85426 -8.229569 -12.44052 16.69361 -13.49129 4.555573 15.7457 5.480773 3.843656 
  21.25021 1.349254 -8.367954 6.672158 2.551711 9.7637 -10.46565 8.236491 -9.338474 14.48282 3.70701 -0.4984446 2.82353 
  21.47892 0.3699419 -8.933503 8.111443 1.516434 11.49899 -2.969973 15.68855 5.608622 -9.294999 -4.324573 1.327612 3.67291 
  21.46351 -0.6090105 -5.026619 14.86002 10.14651 9.820784 -2.116614 1.257355 6.457947 -3.67031 -14.40347 6.337031 9.483998 
  21.01689 -0.3951481 -7.890553 4.65826 -6.929191 14.71972 -0.6134217 -1.643881 -1.646443 -1.559932 -7.521486 -5.934082 15.76017 
  20.68331 -2.279416 -9.854915 4.581176 10.75474 20.33915 -1.12298 1.303525 -0.8933803 14.78474 3.171245 5.483811 0.1858498 
  20.64867 -5.076586 -8.464968 8.288426 0.4901704 16.36226 9.394878 19.66992 -1.573622 8.889498 1.226763 -9.782367 -13.90324 
  19.82006 -8.12316 -12.3169 8.614985 7.379563 12.29494 -0.4454313 17.25054 -1.335964 -7.069835 0.4258522 -14.71601 -7.993997 
  20.41977 -9.942268 -9.302298 13.40577 4.733998 6.042729 -0.3842179 8.973269 -13.76209 8.506874 -9.21553 -8.087265 -14.81759 
  20.15276 -10.99745 -11.60655 14.12147 0.4085675 -5.308736 -3.149261 8.322535 -15.37055 1.86405 -0.5528868 -0.9452705 -1.959388 
  20.55062 -6.153549 -3.663915 14.32248 0.9718009 11.0082 11.46635 16.55347 -3.387751 12.96238 -2.490726 3.159328 -4.556532 
  19.91319 -8.859272 -6.604799 12.10746 -1.284584 9.500211 -3.803157 -7.73794 -10.19588 9.884056 -3.457056 -0.9769449 -20.97931 
  21.64745 0.5721156 -2.483063 16.65955 3.046135 10.40856 2.14067 8.404897 5.844327 9.665274 -7.164531 -1.259989 -17.86427 
  21.7613 0.334987 4.252082 27.5311 5.572733 13.61712 0.4156906 9.475041 10.97512 19.75161 -3.938759 -9.389279 -0.6590863 
  21.81519 -3.203924 3.827402 27.28755 0.4820114 6.579135 -5.724597 6.642028 1.512707 16.81513 15.64422 -11.45995 -6.643663 
  21.26212 -0.8576174 3.257067 20.38125 -1.991363 -5.866524 -7.954308 1.107745 -9.681592 20.72699 2.487013 -11.00942 -10.43168 
  20.92584 -5.194865 -0.6589369 18.0796 1.457893 3.20358 -5.425205 -1.732858 -13.33852 5.228689 -4.50429 6.838709 -9.321548 
  21.42467 -2.772973 3.477591 20.5415 -0.3499674 4.425585 -6.905935 -6.168329 -7.016807 0.9591294 4.857795 2.846209 2.002728 
  21.55903 0.2518094 9.622626 23.61463 1.567117 -2.598207 8.6328 -4.596943 -10.88625 9.517432 -0.853456 -5.62159 4.174439 
  22.49566 -3.060256 2.062208 17.66713 -2.62161 3.716246 7.999494 -6.735728 -14.61578 15.95946 -7.926466 -15.99193 6.582309 
  22.36654 -7.944462 5.281776 25.86835 -10.71992 2.159089 9.347423 5.933643 -3.107872 9.407483 -2.153512 -25.73201 8.483562 
  22.8082 -3.826918 10.00053 24.1229 -4.942363 2.334475 0.5543888 2.064216 -7.041226 2.636096 7.098276 -18.55688 13.4208 
  22.96115 -1.29221 4.343911 15.09109 7.495672 6.085926 3.734345 7.831767 -1.476947 15.63669 9.637224 -3.213584 5.101162 
  22.15823 -2.085985 8.391448 10.25436 -0.3424478 -1.297689 1.220005 9.467761 -1.679674 11.66959 12.98075 -5.365067 -0.07063147 
  21.01753 -6.37524 5.556853 12.1384 -12.65487 -8.685973 -11.99174 -6.0284 -11.64294 8.798565 3.521183 -5.930011 10.63939 
  21.45434 -7.020787 7.589795 17.65087 -8.211641 -2.166235 -1.859459 13.69528 0.06816688 3.834859 -3.892417 -2.845817 3.56518 
  22.29594 -4.394243 4.99818 20.09396 -2.459418 4.273689 2.170841 17.71606 -7.801285 -6.285847 -8.584309 -8.1675 0.652281 
  22.89944 -1.581494 8.078768 20.97465 4.063878 13.39949 -0.1587933 20.90365 -10.91372 -4.199395 -3.6067 -5.981958 -10.22451 
  22.58704 -2.16306 5.905629 22.74405 10.89845 9.010522 -5.626764 15.76875 -14.18841 5.370764 9.605979 6.296391 -2.493118 
  22.26289 4.167094 7.056261 13.64744 -1.824666 13.87805 -4.374377 0.005344101 -4.635847 2.424545 4.89047 -1.415651 -3.847434 
  22.43129 1.494824 6.184821 18.1815 9.906678 11.15537 -7.232106 5.564646 -8.438623 -6.515164 0.7700559 1.249938 -5.311336 
  22.38363 3.244706 6.002363 14.09429 4.632865 14.47178 -3.507464 12.93754 -1.269198 5.497553 1.13582 4.773726 9.960049 
  22.30959 1.541929 5.335582 20.93258 0.3344445 12.06052 -3.203893 18.11263 -2.291919 -2.25226 0.4530136 13.50798 4.735593 
  22.10418 1.133142 6.005975 14.79043 -4.582103 4.352867 -9.22842 6.517646 -9.138214 -4.927127 7.744894 1.437996 -2.845694 
  21.27464 1.701713 7.070257 10.96468 -1.054606 7.329109 -9.438448 2.87384 -3.968447 6.535665 3.340378 3.221117 2.078481 
  21.97289 0.9410409 1.200069 12.21018 -0.7407694 3.869073 5.08501 17.0041 -10.29717 8.626633 1.593771 1.528264 1.189559 
  22.07388 -0.5950208 11.66927 16.19714 -1.800275 5.779603 -3.294785 7.335172 -2.51256 9.429323 1.682177 -0.2267246 7.840683 
  21.66384 0.9833992 7.759832 13.93385 2.088893 12.92971 -9.270484 4.730834 2.446621 -0.7911258 5.077164 1.562622 -6.868386 
  21.91586 -2.753983 2.562246 7.769559 -3.976508 10.12374 10.75502 20.27893 16.34617 13.9407 0.1746995 16.20253 -0.7094353 
  21.88632 -0.2074633 3.437402 21.95681 1.634293 6.828699 0.2022031 18.96744 8.540745 -0.8224918 -14.01272 -11.21327 -3.672411 
  22.03592 -0.7189933 4.630337 16.26439 -0.2774146 5.379563 -8.677438 4.958763 -5.26082 -1.68168 3.257256 7.337565 -1.245985 
  22.04671 -0.6860227 0.1556474 14.15681 -0.3088612 4.98421 -7.606314 18.90777 -3.278547 16.53555 8.456611 9.422582 -0.6581708 
  22.97735 3.7493 5.705483 17.22152 9.031068 16.66348 -2.937634 11.66186 -7.864009 10.2451 -10.32233 -3.636269 -8.998281 
  23.30083 3.180111 13.28993 24.22824 7.096082 7.310497 -6.792665 5.907329 3.127516 10.5202 -8.838131 0.1605463 -6.014672 
  22.72952 -3.746378 10.99989 24.79055 6.72463 13.40779 -1.827498 3.680892 -11.99026 7.694991 9.473998 12.47746 -3.660637 
  22.13811 0.1061 3.910797 15.10716 0.2942096 10.1746 0.374106 3.032369 9.545505 12.80515 0.01435871 2.308591 4.547315 
  21.64888 0.7763028 5.546536 12.89592 1.519124 8.887753 -0.7507433 -1.198922 4.414775 11.21636 7.139898 4.032612 -0.2561184 
  21.52762 -3.288651 -0.2359201 18.45921 3.101674 11.06606 -5.581703 6.565386 -1.832739 6.478793 3.289998 2.297347 -13.07071 
  21.12872 3.632358 6.649021 8.790803 -10.51475 3.255352 -11.09423 16.21854 -7.180089 -5.819665 1.840831 8.598155 -14.15495 
  21.20248 -0.7224198 2.155422 8.65205 5.729027 5.998593 -1.516923 25.19157 7.987493 5.753233 5.045995 -2.94223 -8.369058 
  20.70948 -5.033999 4.173059 13.57204 3.54296 7.190603 -4.726203 15.00964 -17.15348 4.061501 1.973038 -2.790433 -17.90996 
  20.34493 -9.56626 -5.151114 16.32397 3.713194 19.49871 -0.6186576 6.377585 -0.7514783 4.317972 3.725297 3.791671 -13.13765 
  19.95827 -10.38346 -9.952228 8.318444 -5.449358 11.59447 3.223115 10.18918 1.27146 -2.740685 3.831063 -7.501207 -5.809328 
  18.82179 -13.46253 -11.76052 1.845082 -3.936396 8.35554 2.171525 15.71265 -1.960969 4.296463 -1.344654 -3.215341 5.846018 
  18.69818 -16.18629 -3.816508 8.521359 6.443535 16.1696 -6.018674 14.91828 5.706471 -3.200249 3.769923 10.37536 -3.235375 
  19.97436 -12.51884 -4.078768 9.455942 -2.579782 11.6616 -9.310728 2.86966 11.50376 6.651705 -5.172403 -1.167984 -7.395152 
  20.79469 -2.773647 1.89965 14.45393 -2.404972 12.85243 3.430104 14.94876 -2.228268 -2.755412 -20.65022 -7.492919 -10.80703 
  20.99038 -0.1776292 5.930137 25.05866 1.585369 8.588096 -19.99493 1.227764 -8.710682 2.53315 -1.244778 -12.11767 -5.657558 
  21.25751 -0.3413226 11.7744 24.49702 -7.799911 5.035516 -19.14672 4.045499 -1.595545 3.811826 -15.27381 -5.428737 -3.001526 
  21.1531 1.787196 12.91793 17.94999 -18.04691 8.643169 -21.06283 11.24826 -6.8492 -10.75651 2.297413 -11.87024 -2.498084 
  21.44514 2.085287 11.50585 17.77874 -15.9393 7.980715 -21.44742 6.549858 -3.882101 -8.610837 7.33565 -17.47938 -3.810361 
  21.62773 0.8469195 14.03579 19.97005 -13.23482 8.454499 -24.88139 7.514578 -11.03597 0.4316562 10.32758 -14.61817 -7.352946 
  22.58315 1.843689 11.07045 15.25066 -12.23784 11.67619 -30.71187 11.10052 -8.917345 -1.963724 4.644793 -3.426916 3.425893 
  23.41362 9.318734 0.5811074 -5.014989 -19.9613 15.22748 -13.52597 -6.378006 -1.67568 11.57772 24.3236 -27.17639 -1.977695 
  24.01082 14.41019 -2.105291 -16.4869 -7.413959 11.6847 -23.55647 -3.351489 8.936264 20.19501 7.865364 -32.63833 -1.063125 
  24.33224 13.18693 -6.273155 -12.44369 -2.246093 0.1877195 -28.19679 6.812501 13.41166 12.48815 6.609252 -30.86104 -3.391257 
  24.54142 13.21771 -7.858727 -12.35522 0.5972174 -2.931019 -25.78606 7.183904 9.892594 17.96656 1.966752 -26.95883 -4.171939 
  24.66471 12.6579 -9.633111 -10.27606 3.709797 -7.569582 -22.46794 3.866626 11.82611 22.8073 -0.4041866 -27.74951 -9.058157 
  24.69641 10.9139 -9.909887 -5.45465 2.774736 -9.979322 -21.7775 -0.8960683 19.16896 27.67649 -3.901759 -28.50585 -16.57284 
  24.7074 10.72094 -11.22501 -3.706969 -0.3765412 -8.004483 -21.48758 -4.239231 22.42962 24.71322 -1.897317 -29.7357 -17.20054 
  24.64601 10.77364 -9.919484 -6.154412 -3.545514 -5.312172 -21.45475 -5.597503 22.41145 20.58886 1.420174 -30.34705 -19.38435 
  24.54465 11.44004 -7.610039 -11.38233 -4.139532 -4.046598 -20.43773 -0.375725 14.67188 16.43091 4.181077 -27.64552 -13.56005 
  24.23788 11.78878 -8.768751 -13.47386 -5.458961 -3.551872 -18.12799 -0.5735496 8.251703 15.1166 10.20128 -32.08055 -6.046201 
  24.22974 14.48774 -6.063584 -17.77238 -11.23239 4.217032 -18.50089 -2.694776 4.834826 9.490198 14.97101 -33.21275 -2.573814 
  23.94632 17.59273 -0.557021 -23.48792 -14.8195 14.21981 -21.66445 -7.119515 2.081354 6.186451 15.54714 -35.49647 -4.113368 
  23.64369 18.23606 2.247059 -21.16469 -16.92687 17.55958 -19.97995 -9.116468 -1.622833 3.506725 17.40285 -34.79577 -15.89008 
  23.32498 16.54453 3.95514 -18.12939 -23.47091 15.21537 -16.82423 0.4343634 3.025457 4.462521 8.808606 -23.92432 -18.57378 
  22.81056 14.25873 -2.715768 -15.96552 -22.09048 10.8289 -15.10054 -0.7350217 -1.631224 18.7035 7.509009 -24.52169 -22.15965 
  22.14081 16.5579 -0.9594522 -18.4634 -16.99683 0.8942775 -11.95233 -0.2554852 -0.314972 12.3169 2.257568 -20.77661 -14.68063 
  22.07274 3.735658 -1.593429 -7.904165 -21.80894 -4.405968 -9.202005 0.7706017 10.96288 23.79052 9.560266 -20.33272 -29.64953 
  21.10491 11.12447 2.743303 -13.63751 -16.39554 1.447332 -19.98052 2.876353 5.779797 15.25956 8.071609 -22.90758 -19.74814 
  21.15036 1.281245 -4.690339 -11.86617 -18.04063 3.295924 -18.17033 -0.600143 8.755479 19.53151 -4.31247 -7.062266 -21.35695 
  20.15567 1.610308 0.9465421 -2.821358 -8.250029 9.33512 -8.278484 -17.72589 -6.16222 19.8764 1.85123 -5.743186 -12.02579 
  21.17813 -9.432745 -1.530067 4.389004 -0.3863995 4.063274 7.643813 10.06762 -7.838262 3.336771 1.80863 2.912424 7.809839 
  20.39682 -4.58215 3.619837 7.876877 6.005994 17.58473 -8.97818 7.617465 -14.24906 -3.425878 8.712871 7.105376 11.1873 
  20.65569 -9.303571 -9.604241 0.1868073 -7.348326 7.585742 -2.904252 12.63287 -6.5952 6.587268 -5.178222 2.782946 2.474712 
  20.37381 -13.93007 -9.193963 2.090935 -9.967531 5.773779 -10.34829 10.49682 -0.998971 2.732211 -6.732783 -1.74426 -3.319877 
  19.6647 -17.28017 -1.493861 6.282126 -11.34712 0.7393422 -24.30832 -2.873087 -6.536747 -3.657847 9.666141 4.199541 -2.325691 
  20.22177 -22.17582 0.6314809 2.08885 -19.19331 -3.783731 -3.875588 13.82493 -1.908111 -0.8259078 2.640506 3.793968 3.665529 
  20.4788 -23.17211 -2.914235 4.456678 -8.088893 11.56187 3.556869 20.46104 4.700502 9.576462 1.847614 2.257381 -14.55215 
  18.81173 -21.7474 -9.592052 1.493584 -11.6274 -4.817047 -18.30696 -1.521167 -8.356696 -10.15602 -14.81597 -3.521768 -1.295268 
  18.87025 -16.98912 -5.420395 3.352173 -3.896677 0.7598904 -15.88007 4.089259 -6.053911 11.07743 -0.8471128 9.303755 -2.63999 
  19.17716 -15.46198 -10.11597 -2.401727 -0.7472323 3.271969 -9.02651 10.06155 -5.799386 6.770522 -6.796771 7.256249 -1.798795 
  20.10763 -21.71246 -8.616162 1.355989 -4.527422 5.543989 -3.572106 3.186292 -9.89874 5.792969 -5.310075 5.4104 0.6764579 
  19.47912 -19.06252 -5.255433 1.47897 -8.468754 9.599741 -11.7134 -3.091325 -4.948609 11.76267 -1.083201 3.149277 -3.858783 
  19.16383 -18.80644 -13.29713 -3.02384 -14.79774 4.766871 -14.84402 5.468213 -4.270126 0.3631804 -3.143679 7.910786 4.540623 ]
