move_1  [
  19.62708 -24.57936 -7.81484 -8.765099 -15.89707 5.982011 1.064369 12.20963 -4.536286 14.53001 1.209062 8.380869 -8.510936 
  18.83103 -24.68056 -5.094045 -2.303468 -14.7628 5.123021 -11.52087 -3.74555 -4.521791 -4.08333 -9.71291 -8.856837 2.751206 
  18.13928 -26.48691 -4.84935 2.219246 -9.409019 8.481196 -2.383028 5.988141 -0.7473586 -4.914439 3.683669 2.01202 -5.436016 
  19.14261 -23.0685 -0.7680789 -8.40344 -12.4638 6.332462 -4.519488 -0.2333167 -5.355516 -1.250856 4.97864 11.64936 1.155669 
  18.2795 -18.47112 -6.420722 -7.694948 -12.73773 5.402799 -1.310346 5.789714 -2.352752 -7.770607 5.850802 3.846153 -7.079577 
  17.77292 -20.86598 -8.194919 -3.410598 -6.783416 5.74281 -8.429502 11.97475 2.305897 -10.50209 -2.092636 -6.024714 8.68684 
  19.18616 -21.8299 -7.898453 5.512952 -0.7175182 4.72358 -11.69956 10.50319 9.250674 12.85775 0.01036231 -6.308109 12.17049 
  19.17477 -16.99019 1.637804 0.5648065 -7.409864 -3.68327 -23.19145 -2.071907 10.10789 13.43475 -0.3060168 -11.99467 -10.69127 
  17.92292 -19.4212 -3.923755 -1.319713 -12.38488 1.251957 -7.50984 10.30309 -13.37798 -3.203092 -9.804357 -9.673219 -6.32231 
  18.23225 -20.29388 -11.01238 -11.55168 -13.51046 4.628955 -9.728892 4.691431 -11.98902 24.07799 -4.218898 3.33084 -3.943223 
  18.76829 -18.92154 -15.4612 -9.181776 -8.110101 6.561157 -8.176229 7.098002 -13.28101 -0.3797917 -0.8721853 3.236398 0.06569973 
  18.20557 -17.72455 -12.62639 -5.534403 -8.979459 -0.7912859 -9.922924 -6.66336 -3.693759 -3.785862 -3.52332 -7.558276 3.067764 
  17.59112 -22.12373 -9.07221 -4.00231 -12.46441 5.646675 -12.60204 5.779945 -8.350288 -20.8681 -8.205727 -6.846242 -10.16175 
  17.64782 -19.48444 -3.770778 -5.904225 -18.53568 4.092448 -15.04274 4.130721 4.227448 9.791776 0.9991235 6.388184 -1.236677 
  17.79249 -20.83682 -3.637124 -17.4235 -24.93706 0.9892384 -9.455772 13.99705 -4.009403 2.591232 1.033373 0.9487152 3.154716 
  18.86048 -15.98666 -1.132187 -8.300818 -12.6482 9.976419 -10.66491 -5.905745 -1.898449 5.187207 2.179565 -2.980608 -6.552344 
  18.53006 -19.52549 -7.563919 -5.66922 -17.29292 3.085634 -12.51071 4.189369 10.18261 5.138734 6.522739 7.490072 -2.026415 
  17.2461 -19.04826 -9.102344 -4.2049 -21.05415 1.016225 -11.41269 4.901905 -3.552476 7.458007 -5.21873 6.766723 1.39386 
  18.58242 -17.59855 -9.369964 8.01862 -1.343284 12.10532 -10.33731 6.216988 -0.2871836 13.88387 -8.813869 -6.333355 -15.84805 
  19.12979 -16.24917 -14.3656 1.486679 -3.781558 10.64097 -3.789053 6.120188 -1.610521 14.52028 9.980186 3.015292 -4.02766 
  17.62209 -20.02159 -13.51274 -6.413589 -17.94982 -3.401763 -10.71926 15.79393 0.5063053 0.5990344 0.7394933 7.962899 -4.562643 
  18.46031 -16.84906 -10.48548 0.4153155 -15.72809 1.690598 -20.18516 2.341 4.864213 14.50691 -5.970238 13.69292 6.525486 
  19.1381 -9.781891 -10.0493 0.8097221 -14.14135 -0.4800813 -7.628745 5.898909 -4.745782 -5.870384 -10.0373 6.251318 1.530339 
  18.66 -12.87249 -14.22985 -8.086585 -16.55887 -1.138858 -1.184975 18.93912 3.417473 6.847937 0.777992 6.798986 -2.873904 
  17.59122 -14.56317 -12.065 -2.388379 -11.4355 8.369427 -14.61658 6.866983 -21.38908 -4.416161 -9.84508 0.7812624 -10.78541 
  18.94477 -12.16104 -10.58158 -2.867343 -12.49582 3.432478 -17.54202 4.140857 0.3253369 -1.737432 5.75804 7.810215 -13.74831 
  18.85691 -16.1396 -13.05498 2.67055 -12.72472 6.771036 -1.113219 12.04899 13.03355 11.83563 -4.672592 1.722954 -6.823088 
  17.76288 -15.78081 -14.04025 -4.754035 -20.69449 -2.060541 -14.1984 12.42797 -4.326637 -2.334025 11.39249 2.129079 -6.565354 
  19.23558 -14.35882 -13.31364 -2.137671 -14.56524 11.85645 -7.416399 12.71397 5.419178 11.41886 5.372714 8.652915 0.6188586 
  19.41901 -11.31221 -14.14115 2.135764 -15.67011 9.808094 -10.80371 -3.071606 -3.626812 5.953655 3.998849 -2.268685 4.248948 
  18.29302 -12.33801 -7.85856 0.3835631 -16.68852 7.140471 -3.938178 4.949322 -4.461265 3.592702 -0.6144966 9.429957 2.568211 
  18.93742 -15.71639 -9.538128 3.172813 -9.703426 16.17457 -4.349259 6.266048 12.53313 8.6575 -11.25331 -1.078142 -0.6337814 
  19.32191 -16.22214 -6.96968 2.807697 1.507245 -1.548501 -10.90261 -2.216384 -12.2078 11.94272 -0.5357788 -10.40596 -6.166782 
  18.06936 -12.76347 -11.2481 2.266824 -4.540262 2.140712 -7.465822 2.450512 -7.107949 4.834939 -2.802134 0.3133821 -0.5239908 
  18.84375 -11.96699 -7.980714 1.998856 -15.66386 12.76646 0.8232055 4.025438 -2.986648 0.7498481 -9.938663 3.976576 5.67118 
  18.80947 -14.23948 -11.64872 0.2256294 -9.478434 -9.098235 -15.66454 2.04858 -7.44679 12.74632 4.782215 6.678755 5.289611 
  17.89333 -10.99449 -11.34035 -0.1094764 -8.837543 9.346277 -1.278282 9.28413 -5.803401 11.36493 17.83827 2.81573 0.05609987 
  19.04908 -13.79666 -6.930745 7.214335 -12.4393 2.142335 -10.53988 2.469957 -0.8647417 -5.573812 8.191158 -9.781946 -7.852904 
  18.94684 -14.57116 -10.36508 -1.618966 -17.15017 -13.22732 -12.73711 8.893219 1.253302 2.05294 1.634526 10.91315 9.917991 
  17.62132 -13.68742 -4.527728 -3.565825 -12.36305 -10.881 -13.71399 7.659553 -7.438545 -9.992474 -3.302968 -0.08917236 6.594944 
  18.52292 -13.55984 -4.984142 -3.798065 -4.933846 2.937204 -6.159837 7.164366 -2.746487 -6.995269 -6.477078 10.32597 2.352598 
  18.28325 -15.02031 -7.513967 -4.254672 -5.679724 -3.401662 -7.43196 0.5198886 -12.1107 6.531125 -3.498573 1.894695 5.840749 
  17.45134 -18.73243 -9.775603 1.597614 -9.172233 9.758467 -11.52636 -7.29702 0.8815302 0.4125296 -10.01462 -6.246128 -8.612932 
  17.82842 -21.47261 -13.56083 -4.191252 -22.30854 15.23465 6.051665 7.802856 -4.568503 -11.34463 -5.647598 -3.875894 -3.146978 
  18.29992 -18.10725 -7.768706 -2.373499 -26.09232 2.562058 -6.68377 7.93752 9.962276 6.548023 5.402194 1.743725 -9.968884 
  18.6214 -15.65827 -8.090609 0.5752277 -24.71941 0.1873635 2.878193 13.96419 24.3347 6.202567 19.63089 5.427727 -11.90973 
  18.55488 -15.15182 -10.11417 -2.22533 -2.522991 6.950529 -6.203895 23.22196 -3.503019 -8.87366 0.1146571 11.4217 -12.36414 
  20.71894 -8.044188 -12.3171 -3.516746 3.177099 9.429968 -4.055573 25.4889 0.8953745 -10.08914 0.436787 -2.921371 -3.240154 
  24.50152 11.79458 9.121307 18.6269 3.166628 -6.631595 -17.99009 7.132336 4.877894 1.224102 11.61535 -1.424183 -8.07443 
  25.76336 12.17117 8.819021 16.71423 4.301273 8.815034 -3.682458 4.610174 -4.864446 5.113263 11.11792 3.950792 -20.21601 
  25.6211 7.971385 2.725649 18.82771 4.421569 15.49007 -1.477221 4.660335 -7.67815 -2.065301 2.252016 -1.748903 -21.45914 
  25.30615 9.663313 12.19971 17.82436 0.64636 9.199032 -4.394121 12.59131 18.76086 3.769061 2.415389 5.471612 7.770612 
  24.97169 1.446315 1.893196 16.24407 5.868505 13.77568 -0.5242884 17.01333 14.69412 -1.359791 6.738579 18.06874 6.850246 
  23.33434 -6.832495 1.844622 1.645805 10.57256 13.33403 -1.72629 0.7095479 9.597575 4.486631 5.753588 8.829117 0.4497257 
  21.06125 -8.452633 1.331255 6.187981 -4.046474 -5.97071 -11.92435 -7.858722 -5.607685 1.520313 0.5325533 -2.349452 9.458892 
  23.14528 0.009387667 3.996276 14.35481 -16.68888 -6.190924 -17.84686 19.52528 -4.552518 -5.601709 13.8917 11.9889 -4.577684 
  24.63152 3.172564 -0.7120253 13.28073 -3.990557 -5.977904 -32.48279 7.11381 -11.72972 14.29255 3.238155 -4.475707 -8.028751 
  25.62037 13.84548 7.541218 19.9823 8.270098 0.9020462 -15.42753 7.07425 -13.23725 7.990519 11.84241 7.786386 0.7650987 
  25.54627 12.87821 15.00218 8.291815 15.49131 3.246327 -1.044611 6.371713 -8.357871 2.411603 -0.9721237 9.319971 3.169054 
  24.63619 0.7867022 11.68642 20.60946 5.738562 20.8798 4.509256 22.22697 16.09055 15.10285 -1.847801 -9.417915 -1.326245 
  21.93373 -0.4608337 4.896344 11.69118 -3.570223 19.20675 4.138627 14.70158 1.80991 9.109304 7.234802 -3.221503 -1.590452 
  23.80252 -8.072638 1.08926 13.71863 -0.5117355 23.01804 6.330932 1.647738 -12.56032 8.009844 10.39826 10.82957 3.166554 
  24.27064 -2.344917 5.958021 12.74619 0.2687223 9.960835 -6.528858 2.319296 -10.68698 20.33903 5.018063 1.18287 12.45945 
  23.32512 -4.660837 -2.030102 11.1994 -6.276875 -1.137762 2.02911 26.3854 7.380861 14.44982 20.02512 9.121651 1.839615 
  20.74323 -7.848042 -7.081963 4.9474 -5.266985 1.64298 -0.678139 7.042429 3.723993 6.113119 -2.21827 -7.241827 -10.81411 
  22.315 -6.098858 -3.722224 7.407296 -3.761152 9.843507 8.612161 2.101043 1.895432 0.6003897 4.869683 8.722283 4.858521 
  22.47268 -8.20294 -3.931699 10.08144 2.562682 12.97379 -1.189615 7.790164 9.878078 9.965521 4.89893 6.545437 4.913734 
  21.10171 -12.67553 -8.002632 12.44168 2.911716 9.074338 -10.66861 5.095534 1.710451 6.300673 -7.213704 0.343915 -2.763448 
  21.16778 -10.41734 -7.798496 4.85258 -0.1678997 17.23994 -8.254659 13.03844 -2.575133 -6.216468 -0.9489304 1.749281 0.6284727 
  20.7249 -9.907173 -6.460404 7.650289 -2.472139 11.04486 -5.482453 5.490924 -7.315174 -0.802335 9.663776 8.386937 -4.812529 
  22.01891 -9.449144 -0.406092 10.99722 -0.1613474 14.27563 2.359287 12.59934 -0.7234328 -0.6794494 -11.46405 15.7231 -3.474958 
  23.31905 0.313184 9.589698 24.64203 11.76817 16.50017 4.019851 -2.070279 -3.321856 9.354037 -17.32063 6.566331 -1.307396 
  23.40607 2.489017 5.775762 16.59356 4.322007 18.88313 7.051623 7.712818 -7.713459 8.61 5.969969 19.18051 5.409463 
  22.19695 3.611686 6.272961 11.21587 2.314531 10.47524 -9.309267 -0.9942179 -16.93595 4.874853 -4.364075 12.591 4.630292 
  23.50477 2.348282 7.093314 8.294734 -11.7214 15.05273 -2.824973 1.414006 -25.68576 4.781669 2.51242 8.461352 14.05312 
  23.1689 1.587678 11.46405 16.08629 -5.827204 17.45299 -13.07074 14.42058 -11.15825 -6.417782 -9.810436 -10.35603 0.5486892 
  23.04587 5.908892 10.37569 21.29329 -12.58665 13.96252 -21.99201 19.61139 -8.561401 -4.706213 14.33563 -4.862446 -3.105968 
  23.04405 4.863172 12.73579 19.30647 -15.79879 9.518251 -20.04639 25.64709 -19.43066 4.259488 19.38953 -6.871822 -3.857944 
  23.04346 1.912701 9.493921 15.15992 -19.79762 6.408165 -18.98583 11.70712 -19.86665 -2.659572 18.07923 0.03808022 -2.704168 
  22.82259 2.497161 6.762344 15.36176 -19.91761 10.88757 -16.70511 19.30358 -17.09817 0.4614272 12.83527 -0.5145721 -0.03013458 
  23.48532 9.663987 -4.864811 4.747709 -18.28545 9.904925 -17.68833 20.4524 -15.28489 3.571567 13.8111 -7.379602 2.294363 
  24.19895 15.73179 -8.369394 -3.444281 -16.40705 16.63846 -21.06616 2.915053 -3.555032 13.74864 15.26466 -20.99495 -2.208736 
  24.43179 15.29197 -11.90907 -0.6654444 -4.48888 5.637795 -23.45618 4.175845 9.588465 8.594639 7.754012 -22.43044 -1.722609 
  24.49752 15.21811 -7.520599 -3.487214 -4.839814 3.239486 -23.69835 8.482315 14.88595 1.833114 1.742494 -20.95495 5.497183 
  24.58048 13.36116 -1.467257 -10.27602 -6.484334 5.277956 -21.48489 7.458027 9.896415 7.068866 -6.634721 -17.55509 9.655937 
  24.36121 13.65836 1.537624 -18.30944 -6.940444 14.07475 -25.59228 3.292054 12.02735 11.64611 -4.486107 -20.94155 2.528332 
  24.29184 13.9877 3.250925 -22.73162 -9.714269 21.40096 -26.23737 -2.735373 9.637266 16.42852 0.8663352 -26.53875 -4.373055 
  24.15064 14.00349 1.346473 -20.57277 -11.23286 19.04771 -20.3971 -7.289705 6.129283 25.23852 -3.23266 -23.76909 -7.787488 
  23.99794 15.41657 1.759342 -20.18825 -14.03773 17.02002 -21.03916 -4.246824 -1.654599 28.05407 2.105067 -28.22058 -8.108397 
  23.60313 17.81831 -1.185416 -15.01645 -17.54732 15.20875 -24.74476 -1.827106 -2.142583 21.17411 7.103241 -21.10094 -9.622118 
  23.20988 19.14787 0.744876 -15.05975 -16.57086 10.4702 -20.08124 -1.023085 -10.00009 21.31384 2.365857 -23.67746 -7.536247 
  22.85379 16.66323 2.105127 -10.20034 -15.96312 14.60027 -18.09627 -10.63087 -10.63599 21.09363 3.109258 -25.54699 -14.25289 
  22.36024 15.14494 0.4182202 -8.579739 -17.77735 8.760786 -14.74375 -15.74456 4.602784 22.79278 5.106318 -26.36558 -12.81134 
  21.48499 15.50602 1.22972 -6.7351 -16.97906 4.704182 -16.52518 -6.703238 -9.193462 23.59399 -3.379155 -8.204275 -16.23503 
  21.64977 5.867652 -1.44621 -5.260834 -20.34267 1.855555 -18.64352 -1.316135 14.65961 20.04007 -1.859385 -12.0044 -15.8198 
  20.59857 9.763729 1.201918 3.757769 -12.11225 7.83394 -15.13919 -20.18488 0.07860524 9.163017 -3.316746 -4.294295 -4.266863 
  21.00099 -4.192373 -3.972624 6.025411 -5.733192 12.59781 -6.163887 8.50775 10.24 11.48561 -3.382264 -5.50068 -6.916859 
  20.88396 -6.691684 1.412691 20.66793 13.90497 12.68081 -17.17221 -3.03385 11.49752 7.504161 6.48152 -6.838323 2.748083 ]
