move_3  [
  19.49729 -10.28553 -12.35976 -12.55082 -6.375332 -4.682163 -1.515054 11.34474 25.62866 22.46856 7.262621 0.8861618 -8.700145 
  18.65789 -12.4811 -15.84324 -13.40561 -21.54156 -2.81102 -10.07968 -1.589217 0.2175315 8.92328 -3.297951 -14.91589 -13.01796 
  18.3049 -14.24582 -12.41932 -0.8932648 -12.5262 2.50808 -18.9247 9.554666 4.691321 16.33082 -10.80213 -12.98328 1.701479 
  18.73441 -13.10616 -8.262784 -3.741247 -4.671189 1.622491 -19.27523 9.086135 12.25616 7.74083 -1.975346 -4.658987 -2.483407 
  18.08534 -9.678582 -2.963309 -8.142991 -11.98217 -2.577294 -6.340156 15.39068 12.48317 12.05392 -10.79915 -12.30082 -9.008613 
  17.6904 -11.82058 -13.35421 -7.689158 -19.25615 0.7296685 -9.003306 12.77022 6.336009 4.416298 -6.52677 -6.971718 -6.471815 
  17.54436 -17.01694 -15.66832 -6.946073 -16.93295 8.972579 -13.43059 6.463697 6.441022 12.78276 -2.070211 -11.73933 -3.165545 
  17.47851 -16.46574 -10.88722 -0.9859594 -5.269612 7.922889 -10.69688 15.74279 12.25281 18.88039 -4.594438 6.82606 -1.538043 
  17.47081 -13.53978 -13.90018 2.353878 -6.335866 6.525916 -7.907492 0.3281024 0.8714277 10.92 4.291809 -2.429821 10.99445 
  17.18074 -16.23825 -18.23068 0.1211007 -12.88277 -0.5478244 -5.885625 -0.3289922 -3.607717 0.8799595 -1.504085 0.9146862 5.147336 
  17.41666 -14.72983 -10.34836 3.163815 -12.22246 5.079754 -13.68845 14.76423 -7.346969 7.913759 -0.8689315 8.783066 1.262841 
  17.67779 -13.70618 -7.805736 9.441028 -7.050128 0.5262474 -10.32777 11.40855 -3.465978 5.375607 7.805656 12.70263 -8.446291 
  17.65846 -13.68038 -4.040253 4.608095 -13.53186 2.581789 -16.2351 4.427165 0.9267421 0.06276236 4.55571 0.536459 0.001315129 
  17.37839 -16.16065 -9.17308 -0.01387112 -10.76188 -2.497491 -14.72996 -0.2029927 -13.00486 26.84511 21.38434 -0.8558207 -0.3115692 
  17.33396 -19.5593 -13.40518 5.288085 8.508175 6.729552 -7.747513 0.5529213 -6.561607 9.464606 3.392048 -14.31662 12.08098 
  17.18055 -20.94147 -14.22412 6.775428 4.420183 2.761353 -12.41471 8.950601 -1.597075 -2.462616 -11.702 -9.271399 -9.45199 
  18.04937 -20.58365 -14.6381 -0.2454707 -10.33536 -2.451251 -3.36103 20.62625 -3.882327 -5.035594 -7.726853 -4.35561 0.5915442 
  18.62869 -14.30479 -13.62516 -3.173856 -7.189095 2.332804 18.09328 18.82274 4.606187 18.84299 2.216419 19.94055 2.304947 
  17.5009 -15.77485 -11.36884 3.558254 -8.231902 1.67995 -9.666497 -3.500366 -1.530677 13.00672 7.519213 1.004497 2.751773 
  17.25703 -15.60975 -16.21437 -7.098928 -6.159141 1.110345 -12.87991 -0.5061983 1.403889 11.61648 -3.144943 0.4067659 4.979136 
  17.5015 -14.84328 -12.60065 -8.353551 -4.771363 11.48359 -8.760251 -7.939004 -20.66402 -2.723665 8.542828 -2.302294 3.831151 
  17.67734 -11.42429 -10.07841 1.989463 -10.73182 7.020619 -3.8606 7.743362 -2.876098 2.087998 -4.494704 -2.4606 -0.2893991 
  17.79265 -16.42796 -11.44696 3.698659 -7.027281 4.896345 2.697408 16.79538 -0.01581761 13.11801 -2.146346 1.273461 -12.38263 
  17.87952 -15.14538 -15.42721 -0.9572212 -1.668274 16.21898 1.854867 14.46672 -2.149994 -4.760868 -14.60202 -8.580731 -10.95191 
  18.8399 -12.05266 -4.339204 8.007073 -8.99262 12.89729 -4.404695 3.517264 -7.00101 3.670277 -8.590059 -4.464964 -4.526428 
  18.63718 -8.9228 -0.1164326 11.10193 4.158536 3.658599 -8.174821 -2.185727 -2.787469 17.29751 4.405204 4.124359 -4.489596 
  19.12937 -9.671811 -3.884646 11.54153 1.717884 11.04799 7.767912 2.282923 -17.48862 -14.08626 -13.88657 0.8983498 -7.568349 
  21.19753 -2.402136 -1.984004 13.1447 -8.552831 13.96359 2.770794 10.24763 -3.761272 -4.053369 -6.054426 13.14137 9.39589 
  22.25443 -0.3204272 3.911836 18.97818 2.487221 6.773297 11.01134 17.53258 -10.61526 8.874492 1.925512 5.954103 -3.843188 
  22.26258 1.3607 4.820393 15.32034 2.040575 -4.98326 -9.39161 19.50169 -5.674277 13.96338 10.08099 0.225214 -1.269918 
  21.87681 4.799465 3.753048 18.91079 -1.02732 -2.023117 -14.00982 7.807662 -8.507703 1.311723 -1.758811 -5.27746 1.081047 
  22.28127 3.545241 5.368067 5.617606 -13.27578 7.669812 -7.219849 7.347776 -11.28765 12.77447 -8.283992 4.614799 3.797074 
  22.13386 7.23633 9.159556 9.101726 -4.638964 9.406299 -14.12185 -2.62199 -12.20232 11.19829 -18.13895 5.47156 -10.6767 
  22.35009 8.811451 5.445733 7.242383 -1.47061 10.9929 -4.720554 0.7586227 -17.93398 4.528102 -2.715287 5.76953 -5.145973 
  22.30648 7.827066 10.64633 4.520768 0.04581672 12.63766 -10.62063 -3.6129 -6.656638 0.6607251 4.52693 15.85266 7.73005 
  22.65063 6.59299 8.24513 -0.06333228 -8.593019 -3.913972 -0.721158 -7.553713 -5.417433 1.34221 -1.621446 -3.389637 3.939394 
  23.03231 9.991331 9.686504 2.007326 -3.849705 0.9036579 -6.541834 -10.72672 -1.974299 -10.24581 -9.44438 -13.43015 0.8229842 
  22.92705 12.33776 11.47462 5.24938 0.07156897 7.177178 0.7437888 -8.081488 5.21436 6.595472 12.3602 -17.00871 -10.67696 
  22.80611 8.795822 8.025593 4.019623 -2.929836 0.1336517 -5.045286 -0.3150917 -7.408043 -9.046815 -2.288182 -12.321 -6.109529 
  23.25777 7.910928 11.53559 16.84158 6.102062 9.550859 -4.65526 -3.465974 -10.20175 -16.46301 -10.49979 -21.57739 -14.50836 
  23.22917 11.13887 10.10553 9.112521 2.615797 -6.519876 -8.634392 -5.301641 -2.470534 1.35183 -10.73471 -2.089082 6.500878 
  22.89165 12.20098 12.26682 4.968059 -2.766196 -3.501454 -5.318406 1.108537 -5.719469 -3.949073 -8.006905 -1.535374 2.057683 
  23.67358 8.300236 11.99349 12.65388 -2.822736 -1.876948 -1.107579 11.37656 2.733041 2.538924 -3.963395 6.257504 -8.118064 
  23.75883 10.90304 15.16031 15.7407 5.075139 3.843201 -9.161984 12.9247 -10.69337 -2.710007 -3.008918 5.494297 1.448135 
  23.63288 8.422455 11.25949 0.128914 8.157158 3.95341 -7.112939 8.913329 6.010462 11.85906 -3.837398 1.088141 2.034646 
  23.46795 7.855295 6.966373 5.961157 11.22423 10.88462 -4.734405 -7.33391 -4.971443 15.21832 -7.602922 -2.191566 -6.219866 
  23.41118 8.045658 8.621883 9.186068 4.471515 12.92865 1.602606 5.462394 -5.333899 9.717182 7.602911 13.79018 -17.07773 
  23.07309 5.441177 8.986353 9.184301 -4.724949 0.8143924 6.280438 3.231074 -6.752022 13.99436 6.168052 -1.848807 -2.27835 
  22.73807 8.097535 7.828708 9.250973 -1.988607 2.096122 -6.287002 -4.969725 -12.79412 -4.553077 -5.939018 -7.934647 -0.7973533 
  23.11563 10.86541 8.701986 4.964933 5.595358 13.9879 -18.61382 -10.14184 -0.5937325 2.932484 -11.66146 2.046292 6.570881 
  23.18324 9.192389 5.306457 6.003134 12.83086 14.04415 -14.54026 -10.20293 3.098352 3.324882 -11.85176 -4.039598 1.965168 
  23.42308 7.801532 0.6146128 0.7776244 14.66077 17.52748 -10.31766 1.13913 0.4029293 6.104949 -32.75691 -2.858176 -4.668275 
  23.78111 9.951453 6.649496 -0.3342798 16.84368 8.958735 -8.456996 7.502115 7.769004 10.53183 -16.57456 -0.8682833 2.930143 
  23.84268 9.595788 10.59287 9.607396 14.19543 7.931581 -4.804945 8.681895 8.791303 -1.325874 -18.59939 4.608121 -11.96814 
  23.53025 9.889647 9.529934 3.855007 3.565211 -1.306475 -11.07596 12.68928 10.23485 -0.3419685 -1.181671 2.591532 1.935348 
  23.3524 9.985332 2.542692 4.790916 8.273272 2.022558 -8.140319 21.09951 5.0779 3.76502 -1.095837 -1.788926 -2.826308 
  23.42354 7.537847 5.558088 10.55177 3.890331 -2.979932 -11.3704 6.193964 2.878685 14.27463 8.149151 -1.294086 -7.505954 
  22.59179 8.670653 12.22963 14.51678 -0.260083 4.527771 -3.783319 11.8794 -11.33286 -13.38045 -17.43864 -15.4776 -8.760397 
  22.48779 4.06194 1.558243 4.614179 -0.8250124 18.53743 -8.097633 14.08762 -12.81966 4.852663 10.55374 6.574107 -8.701834 
  21.67179 2.938569 3.642817 6.877713 -2.981486 20.19724 -10.03995 11.91373 -13.68159 4.405227 -1.248145 -5.221988 -15.56617 
  21.8721 2.842528 2.6613 9.361187 -6.780269 13.72528 -6.042948 19.21017 -5.750815 -7.738442 -3.256295 -4.492066 -5.205437 
  22.31834 0.2071477 14.45676 18.17488 -8.946819 12.32576 -20.88877 4.300314 -27.56658 -15.14064 3.998773 -1.083773 -4.706077 
  22.70882 1.603478 18.71451 16.8242 -10.92317 13.83931 -30.2184 18.41117 -13.13976 0.1072164 4.489936 -0.3101149 6.322225 
  22.85886 3.041446 13.25272 15.30228 -13.38974 11.52908 -27.55685 9.268925 -23.97892 2.42784 6.904232 -4.337806 4.191479 
  22.79124 3.439122 14.12026 13.34151 -14.26871 9.0296 -28.03886 13.58835 -19.96066 -0.1522682 4.495251 -7.088894 3.669608 
  23.042 5.340367 14.79328 11.0054 -14.5806 11.41921 -25.80605 15.3005 -15.1568 -9.87983 9.210032 -1.497396 1.27146 
  23.23335 6.677249 11.41319 8.648135 -15.72862 12.41004 -21.79988 13.78952 -14.97845 -9.313347 4.314886 -2.553869 12.08333 
  23.74068 9.070063 1.451849 -6.546142 -19.02118 17.74433 -12.97407 7.756876 -8.883878 -3.813047 13.01701 -6.44117 3.992002 
  24.18399 9.040532 -5.710235 -11.31437 -13.39003 10.53156 -13.77754 -3.190907 -2.014017 5.44435 14.01314 -14.50279 -6.865328 
  24.28298 9.344303 -6.78946 -13.24584 -6.125197 1.557944 -21.12597 -1.7922 4.163937 4.758424 17.07845 -22.19247 -6.857035 
  24.55826 9.765912 -4.672615 -14.79171 -4.972319 1.164393 -24.27426 -1.768878 11.37887 1.195011 15.89769 -20.91386 -8.178575 
  24.56958 10.84838 -4.85395 -15.00598 -5.178886 0.8158515 -22.46844 -3.43432 4.253872 7.430939 14.20301 -22.74194 -8.839642 
  24.53091 11.64168 -4.910296 -14.50142 -4.401811 -0.5902548 -17.91072 -6.709917 -2.080793 14.2175 11.69211 -23.07173 -7.2919 
  24.45759 12.15041 -5.078902 -13.95794 -2.505984 -1.270855 -16.30207 -6.921857 -5.458158 16.91834 7.329092 -20.20505 -4.491056 
  24.34475 13.07462 3.046933 -19.7094 -11.00321 11.95861 -17.9781 -9.004184 -6.137712 13.79894 3.418557 -22.80216 3.769461 
  24.2046 15.71606 7.188897 -24.01548 -14.59514 22.71699 -25.9964 -8.750904 -3.492166 10.73237 8.096064 -24.06567 -10.56705 
  24.07767 17.20979 -0.1999988 -16.41731 -13.47543 18.38217 -21.51843 -9.358396 -6.378654 8.188412 13.7017 -29.59924 -8.840696 
  23.8926 17.03176 0.7232466 -14.39167 -16.78258 12.02069 -13.11484 -8.074828 -9.299639 11.13056 13.3785 -32.29596 -10.77759 
  23.5257 18.39572 -1.128889 -15.36364 -11.40028 6.069489 -12.96028 -9.947181 -0.06123946 13.87807 4.328791 -21.28725 -12.26436 
  23.11507 14.96196 1.667045 -15.80964 -11.51175 2.797497 -4.899673 -13.07543 1.566159 19.62359 1.90184 -28.6126 -11.0289 
  22.4502 9.881391 0.3114863 -10.00831 -15.51196 2.305187 -4.718729 -9.696497 1.547565 23.95952 -3.107762 -18.3338 -14.40977 
  21.42941 5.887142 0.1045956 -4.136912 -7.751169 15.83238 -12.09706 -14.00743 -9.437121 11.19625 6.313645 -17.64161 -7.300298 
  21.555 -8.485262 -4.233516 17.1491 4.249434 8.806143 2.175713 13.87643 -3.411236 11.38312 0.5396165 -9.527352 -7.242571 
  21.88856 -13.29597 1.612428 10.87988 -0.9489968 1.21534 3.735451 10.84639 3.965587 7.65574 -0.2670561 7.107439 0.6344333 
  21.58142 -14.99625 1.846993 8.362656 -13.18395 7.000267 -8.576234 7.813026 -1.936445 9.790421 2.700662 5.248341 1.241311 
  21.1186 -17.86353 -10.92245 4.396148 -12.68617 -6.483141 2.850713 8.317332 -17.97855 -6.317309 0.3795279 -14.35168 -15.8787 
  20.33797 -17.86208 -10.59857 0.3612758 -14.58191 -18.00604 -13.36269 2.677184 -13.9993 -7.876344 5.355759 12.70778 -2.940865 
  20.02888 -21.65165 -6.223149 4.481263 -10.84679 -3.687174 -13.53899 -3.062106 6.944819 12.62184 8.01547 4.100847 -4.937871 
  20.32188 -23.26086 -7.288823 6.467082 -10.92297 -7.089078 -18.15317 4.883393 -9.609835 15.35961 -3.964897 8.793211 -5.269904 
  20.58311 -32.03193 -10.60457 7.289597 0.8672681 0.1675624 -4.643735 5.747818 -20.58269 1.746806 -20.54021 -6.622604 -12.1436 
  20.69065 -28.23812 -11.55497 0.6512281 -8.562709 1.542011 -6.881666 6.767802 -9.058013 -5.931953 14.9388 0.9565716 -1.223149 
  21.16997 -22.32308 -9.613557 -1.785069 -13.60757 -4.673768 1.478247 12.23004 -6.612397 5.599874 2.748732 -3.154175 -15.31841 
  21.69718 -23.37064 -6.492379 -2.096002 -16.72404 5.083626 6.314638 15.06694 1.359496 10.64225 -12.98802 -5.805571 -1.811215 
  22.03955 -28.29311 -11.75276 4.893782 -16.07477 -4.280343 3.954379 15.17156 -10.2124 0.8343539 7.989337 8.937584 0.9059535 
  22.02361 -23.0629 -4.61901 16.9469 -3.513756 -1.29535 -1.467301 10.03729 -14.51751 1.26982 10.61289 -1.050596 -6.885729 
  21.9444 -20.41349 -4.574995 6.495191 -13.95894 -0.8551525 -2.823783 8.408481 -10.80258 6.316544 4.189064 -3.783869 -5.301583 
  21.91437 -14.44529 -9.927695 2.788124 -9.5175 1.148262 -3.126679 0.0315121 -9.160938 -5.531831 -0.8912886 -3.195808 -4.628714 
  21.84142 -9.441865 -12.84504 0.07859768 -13.45716 2.522519 2.222223 -4.077617 -23.0115 -0.4431243 -8.697223 -7.264652 -3.558443 ]
