no_1  [
  17.41133 -15.83177 -16.16775 -4.661601 -7.99505 -2.263629 -14.88065 14.65254 -16.86593 -2.875082 7.235715 14.20064 0.2030315 
  17.73138 -17.82924 -13.8509 -2.662874 -9.905817 -12.02427 -4.84855 14.60894 -24.59256 -14.47989 -5.519767 -0.8481703 -6.371707 
  17.61291 -20.86635 -14.55961 0.2875435 1.100085 0.4361097 -1.394137 3.539995 -17.20319 -20.54425 3.908012 -4.430503 -13.33022 
  17.48167 -19.081 -15.98261 -12.71029 -5.196718 -1.442223 -6.375736 19.54922 -9.507351 -16.23721 0.3326765 -10.61366 -12.92248 
  17.64367 -19.94762 -8.582366 -5.514179 -7.540907 -5.120025 -4.070846 15.24959 7.981833 -6.262922 -1.260494 -13.88815 -8.38058 
  17.54196 -20.762 -8.536914 -6.513521 -7.491261 -9.617097 -0.03274277 25.41209 11.70227 -15.67362 1.083003 -7.372971 0.2714777 
  18.17665 -16.65511 -8.971156 -3.944475 -1.404004 -17.57422 -4.928046 8.667285 -5.644232 -7.547428 10.11497 2.608297 10.81849 
  17.90696 -15.15595 -8.272947 4.831913 -2.169502 -4.158313 -4.387455 6.785712 -16.98241 -5.223471 2.271428 2.544723 9.653814 
  17.92313 -16.09192 -14.17143 1.217607 -8.200769 -3.498555 -11.41421 10.11692 -9.31966 11.88902 -0.7184201 -3.045622 0.4798745 
  17.96459 -14.7477 -5.036144 1.714747 -7.981299 -4.196038 -20.94384 10.90822 -0.6607028 2.957949 6.862043 -0.1775723 10.70679 
  17.58327 -16.33994 -10.41106 -8.171963 -11.70653 -4.880221 -11.84809 10.77598 6.916598 6.719007 12.88799 -1.745195 -6.877541 
  17.33261 -11.1131 -14.32498 -1.205207 -7.138465 -0.3911758 -4.30644 6.795315 -9.105274 -2.127813 -10.30834 1.430308 -15.25024 
  17.39597 -16.06121 -11.78269 -0.4133317 -14.88829 -4.929898 -16.58199 3.234183 -4.43144 3.272218 -5.671829 -7.181494 -9.386502 
  17.42454 -19.479 -17.27987 0.1459508 -11.18762 0.504068 -9.712554 -2.540655 -12.70991 9.970546 2.86039 -6.032641 -16.43109 
  17.23411 -19.09536 -13.7287 -5.909975 -20.00568 -1.177967 -10.07248 1.476351 -18.17595 2.26788 2.970348 10.76097 -1.991728 
  17.24425 -20.7709 -16.12904 -9.36878 -17.45493 2.415815 -12.71106 0.9621484 -11.71567 -2.180989 -10.23432 13.20781 -5.835423 
  17.06284 -16.01836 -6.809363 -2.419616 -14.28546 6.466149 -10.40041 1.620548 -18.28139 -7.45263 -14.7128 -0.0747757 -1.352326 
  17.3555 -14.22552 -8.434328 -4.25681 -12.07293 -2.910115 -12.40966 0.3650514 -11.10932 8.067873 -10.09652 8.843794 11.0996 
  17.37152 -16.67424 -10.10986 -2.933655 -17.38279 7.11549 -10.96074 5.583241 -17.69724 5.998454 12.32866 18.47859 6.526053 
  17.50262 -18.81461 -12.44776 -3.465115 -5.791561 15.46241 -11.5543 2.940218 -4.848161 -5.241779 -3.949671 -6.41906 -2.378401 
  17.69266 -20.07736 -9.408006 3.079247 -10.27617 5.950322 -16.7192 -5.350652 -8.574752 1.489718 10.80691 18.72388 8.025535 
  17.3776 -17.71662 -5.882813 5.520808 -6.891387 6.330373 -7.940767 13.04285 -8.232438 -4.67961 -11.53475 3.734656 -7.242735 
  17.47 -18.38689 -11.05031 -2.001738 -15.06244 4.311234 -4.356152 13.49415 -8.660353 -2.42022 -0.5960083 3.382227 -5.540687 
  17.1945 -17.83072 -15.19685 -1.350959 -14.50298 10.99851 -13.40506 -4.751081 -15.87522 4.000526 -0.7756481 6.682148 -0.3546114 
  17.0962 -17.70565 -8.04438 0.6062738 -16.74599 0.380618 -15.27842 -3.442317 -8.442528 -5.049481 -18.26141 7.198182 -0.2541713 
  16.96099 -15.98087 -11.96387 -4.112115 -21.95793 0.8240348 -2.875732 -10.06882 2.13987 2.263351 6.860954 -2.820428 -0.9976553 
  17.06308 -17.51417 -8.370476 3.168715 -18.49275 8.027574 -7.178411 6.962341 -2.453645 -1.760759 3.140025 0.05055141 -5.675375 
  17.20091 -14.52672 -11.4213 1.86505 -11.00127 5.188906 -19.29778 -9.632908 -20.67395 -10.22662 5.036018 3.899488 -2.978979 
  17.02831 -20.1584 -9.641142 1.006775 -8.928103 13.14386 -6.922096 14.59015 1.736093 10.06153 -7.371981 8.178958 -0.5250764 
  16.60133 -16.34408 -4.2423 -3.09528 -20.08861 9.645754 -6.899598 3.045365 1.794808 4.570176 -15.15273 -13.74593 2.812153 
  16.94699 -18.6248 -9.131999 6.680923 -14.94809 -0.8118537 -12.9617 7.141048 -13.34306 -3.253549 3.713574 0.03669548 -5.791747 
  16.97695 -16.5202 -8.53382 1.02817 -16.04878 -3.879928 -4.970102 18.26656 -6.713511 0.0415918 6.778132 0.7028389 -9.286548 
  17.39458 -15.72634 -7.644483 -0.2843911 -12.24147 2.379761 -17.97463 -5.590753 -15.5669 12.39698 -1.898595 4.577748 -8.26476 
  17.40923 -15.84813 -7.444163 8.205654 -11.37642 6.085715 -13.04405 4.563994 -10.18545 -6.748834 -0.8646771 -0.7609205 -6.970394 
  18.07772 -15.12044 -6.478634 5.559232 -10.31866 10.37261 -6.331203 10.30577 -6.528654 -3.719822 4.17364 7.172173 -10.7617 
  18.67794 -25.37092 4.736206 0.8823443 2.372207 11.16833 -1.411563 -6.960268 -16.27182 16.06553 5.894043 2.988035 -17.49649 
  18.51785 -23.79501 0.5005551 -5.040527 -3.277365 9.937634 9.669725 5.513616 -13.76068 18.54987 1.148935 15.23746 -10.75241 
  18.98406 -12.3266 -7.048171 0.7517784 -6.422123 11.76512 3.416528 12.71883 -9.71128 5.279748 2.777118 18.12751 1.215816 
  18.59076 -11.65338 -9.613372 5.158029 2.983596 1.804038 -14.26963 2.27404 0.06850275 -3.039585 -6.240197 -16.08085 3.416783 
  17.97573 -14.06252 -13.0822 0.3546045 -3.337297 2.744747 -12.29922 1.181085 1.921861 16.72403 -6.334926 -0.6324806 4.190892 
  19.83768 -12.88144 -5.930299 3.281423 -1.128113 3.281893 1.137439 11.40172 -1.979994 14.2882 18.83016 9.97516 2.280495 
  20.18763 -7.955213 -6.253613 7.693989 -3.187636 17.97792 1.128864 12.06243 -9.270381 5.940915 -0.1611628 20.81693 2.427846 
  18.9772 -12.40087 -0.1853395 5.567231 -4.304722 6.823215 4.669546 13.17373 15.70233 -9.437037 -5.742095 4.880616 7.254481 
  20.81119 -10.99825 12.1068 9.943572 6.944138 11.45726 -3.466816 -7.008903 8.085377 -11.25374 -14.28668 -6.963409 -17.08777 
  21.04589 -4.86581 13.21296 13.91586 5.204821 -2.393847 -12.12745 1.328955 -18.1851 1.89951 -11.25308 -5.668625 -10.31683 
  21.3502 -4.081859 13.54643 15.84358 1.225954 -6.077238 -6.403572 5.508829 -11.31983 -2.050775 1.576935 6.527504 -0.4182137 
  21.99042 -0.5870779 10.6867 11.27562 -11.45675 -0.6027958 -15.9026 12.91084 -11.11195 -7.757993 4.395451 -15.06768 -2.703794 
  23.47303 11.43845 -2.962665 8.091086 -18.39705 -18.6049 14.51217 9.189227 -17.55263 10.18348 -6.218222 -12.67918 -3.01229 
  24.32635 9.92782 -3.999896 11.90757 -32.4864 -19.84887 21.50115 20.61072 -30.17791 13.58556 -20.56999 -6.211152 -0.2445685 
  24.73146 6.446705 -4.902214 8.660691 -34.36911 -17.18453 31.02428 18.62425 -39.68838 7.467742 -17.86575 1.705416 1.336301 
  24.942 3.532753 -8.072112 1.963415 -28.07418 -10.7475 25.83641 15.4049 -39.05379 8.475346 -18.00854 -5.358416 4.658559 
  25.09822 1.908597 -9.838701 -2.248412 -20.6895 -11.63175 23.73232 12.55456 -35.71862 -0.6315739 -14.54539 0.09408188 2.859611 
  25.21886 2.227912 -14.60305 -6.28513 -11.36118 -13.57232 24.13335 5.394843 -26.64624 -13.22398 -9.409773 4.196657 -3.274437 
  25.3143 3.23218 -16.893 -10.52439 -4.408085 -8.547887 13.55 12.87475 -27.15442 -16.82977 -6.854937 4.404213 0.5484766 
  25.30573 3.302613 -17.42402 -12.15176 -0.9254342 -4.571641 8.107208 12.5324 -17.73667 -24.18908 -5.7769 10.90827 -2.414559 
  25.33226 4.019571 -18.31318 -11.49032 -3.724054 3.282026 -3.39471 20.19888 -19.241 -21.67744 -11.446 18.59516 -3.01487 
  25.27794 3.506744 -17.58514 -12.45605 -1.8751 5.695798 -8.601751 19.56205 -12.75124 -28.23729 -11.57381 18.05153 1.957994 
  25.2204 3.65595 -17.1895 -15.82377 0.1327926 9.249027 -18.3456 22.05386 -11.32563 -27.60341 -11.58908 6.336199 14.61801 
  25.22675 3.026567 -16.74375 -16.8831 0.5785409 8.672601 -18.16412 17.01299 -8.267999 -20.54712 -22.35602 3.441153 21.65201 
  25.19994 1.731921 -16.06249 -18.84984 1.577989 9.697936 -16.30978 9.001964 -5.739836 -14.26935 -27.77385 -3.2715 23.6048 
  25.0939 4.21672 -19.8274 -16.54204 -0.2113843 11.01142 -14.32257 8.224459 -7.988341 -9.983383 -22.63638 -13.57359 17.73694 
  24.87875 5.238386 -20.29414 -14.64748 -4.647478 16.66986 -14.45523 5.985779 -9.66442 -0.3260733 -24.44932 -21.74185 13.8329 
  24.6919 5.431141 -22.51702 -13.75159 -4.135616 19.77543 -11.47802 5.424678 -5.926121 -4.827481 -20.64783 -25.8727 11.35616 
  24.47862 10.05571 -22.51465 -19.44524 -2.494234 21.87044 -7.153782 2.04882 -4.825233 -6.293591 -11.36349 -29.59768 6.407212 
  24.19204 15.98807 -21.37191 -26.93498 0.6390126 21.16502 -0.3309404 -6.598463 -0.7107902 -5.878742 -4.253545 -29.17739 1.343112 
  23.74638 17.91876 -16.60674 -37.42747 0.2281329 27.84125 2.3477 -13.61619 0.859924 -1.211738 -9.495505 -21.91045 -9.268224 
  23.02398 18.44123 -17.13555 -31.66602 -5.914859 22.22795 9.049953 -8.030975 -7.595467 -1.68598 -5.88876 -22.46561 -4.626228 
  22.77706 16.58785 -9.030458 -25.94389 -12.03218 12.98346 19.80181 -2.647511 -20.63875 1.804343 -6.819259 -1.944795 -13.15309 
  22.36552 11.99408 -10.66315 -21.28528 -13.63596 23.72321 14.23186 7.555732 -24.08999 -9.24494 -0.3243719 -9.859071 -13.13767 
  21.74645 13.0323 -9.655191 -19.9745 -14.84616 17.38131 17.52259 7.550926 -18.62794 -18.44345 0.3082162 -3.941751 -12.23948 
  21.7591 10.16754 -4.061847 -14.68229 -11.77143 23.24988 6.078027 3.801587 -14.91937 -11.42983 -5.881243 6.875101 -9.473905 
  21.43041 6.099343 -4.774519 -8.648582 -7.659307 14.6769 24.46774 6.466591 -25.84885 -6.469176 -7.010185 4.441403 -11.21264 
  21.13609 4.948716 -6.318913 -5.873407 -8.804046 18.10289 23.31896 12.36429 -19.16812 -22.44477 -10.42272 10.40016 -15.13694 
  20.71887 2.811244 2.163745 -5.217207 -6.806681 17.39858 21.60789 14.85664 -14.56704 -19.43406 -5.47571 8.414034 -6.155408 
  20.82483 -0.3911369 -0.2503332 4.536367 -2.56794 17.31258 25.33305 16.12456 -17.22398 -15.29079 -3.994062 7.430675 -12.22822 
  20.93251 1.718697 -6.634501 8.843308 -3.441074 13.3125 15.95174 15.34596 -20.57652 -3.152707 3.193506 2.323603 -2.025618 
  20.63088 -1.712365 -7.97115 7.100992 2.646352 24.65188 26.54724 11.05394 -18.302 -3.531623 -4.282135 4.322765 -7.213607 
  20.52827 1.795934 -0.8895308 10.45868 -5.879623 17.35215 14.98545 8.016801 -16.88641 -13.34596 -6.693196 2.422291 -10.96927 
  20.8213 -0.8808419 -3.993083 5.858309 -6.738547 18.94804 3.591775 4.755145 -22.15066 -4.357126 6.644976 4.640468 -2.7491 
  20.88302 -4.872845 1.740541 17.0285 5.284276 23.27201 19.04054 11.91131 -26.05223 -8.386636 4.253446 6.69439 -13.85484 
  21.82471 -0.2929615 4.688486 19.29091 -2.88122 11.36427 1.957447 14.86421 -17.30056 -8.310122 0.6217979 4.130922 -10.22396 
  21.85142 1.964013 1.690584 13.24857 -9.014983 9.286842 2.421344 2.957947 -24.95177 6.447261 9.821555 14.71907 -1.014126 
  21.56192 3.965905 0.8496984 10.65536 -1.564672 13.3765 1.211021 8.071069 -29.83946 1.179711 7.356605 2.47467 -0.682906 
  21.17244 0.05395646 -2.152203 3.933284 -3.735105 5.442898 7.543318 28.07173 -28.25952 4.428568 9.545469 18.26547 10.9407 
  21.2566 -3.980609 -3.258749 8.469175 -1.527269 5.06882 10.99248 13.78289 -15.11779 1.537569 5.632112 9.06136 -6.29429 
  20.87553 -1.609307 0.3048661 1.545175 -17.03134 5.214563 4.092135 6.722898 -11.68541 6.74615 -6.374702 3.683647 -5.220581 
  20.7048 -2.485859 -0.4519153 5.790656 -5.628345 7.632428 -12.49983 -7.408801 -29.15861 -4.615746 -8.3067 5.757331 -1.832827 
  20.7865 -0.1091888 -3.448714 12.06889 -4.005142 11.68865 5.263383 0.6488755 -34.85161 -10.72146 6.027259 2.760718 -5.745873 
  21.05817 1.091092 -2.640024 -0.6908204 -17.6633 6.748865 7.368446 14.49526 -9.248921 -5.113147 2.504614 8.091946 -7.705233 
  20.8062 3.663156 0.8621315 8.758608 -4.945126 4.467308 5.139254 0.7295846 -3.215195 5.808296 1.238502 -7.43121 -8.77492 
  21.40281 0.9680919 -0.09495366 14.56807 1.173956 7.59247 -2.993741 -0.7207935 -4.308436 5.9407 0.5978761 0.3716526 -8.579595 
  21.02142 -0.4646308 5.300034 7.67337 4.29592 17.73434 4.549129 4.094133 -20.40268 12.53255 -7.300083 -3.29411 -13.90243 
  20.81355 -1.997059 0.1649082 10.06644 -7.281749 5.788315 -2.105476 -1.014435 -14.33576 9.394478 -0.3022301 0.3133507 -4.894724 
  20.48283 -0.1658463 -1.303881 9.036165 -3.772494 16.02411 -2.040896 -1.072204 -17.08168 -9.408246 -5.932839 0.02888775 -2.983343 
  21.0553 3.328548 4.740595 8.966413 -1.421958 6.187091 -3.688226 -4.324751 -10.75324 2.004194 -1.728079 9.351451 -7.338845 
  20.55925 -0.7271944 -3.836133 3.645227 -10.21645 15.5456 4.660286 -8.526036 -29.13473 4.673342 6.145 1.568639 -14.81328 
  19.90573 -2.527412 -0.6525044 9.838886 -7.516653 22.66246 8.000418 -3.79349 -29.24562 5.291608 5.086443 5.372389 -6.429156 
  20.50057 -3.57254 3.474715 12.84255 0.5472997 12.77442 2.416286 5.865911 -15.86524 -2.140504 -5.8511 15.64353 -12.1562 ]
