no_2  [
  20.31949 -5.765699 -5.470986 10.32554 7.185156 20.89385 -2.011959 -13.25765 -3.828214 32.07789 7.598472 -1.974916 -2.377418 
  19.93165 -5.01632 -5.001833 10.2178 2.194628 15.40106 -0.7718642 -0.9194127 -5.797108 21.87871 -1.932678 -1.939868 -5.792747 
  19.43663 -4.05007 -1.689704 15.05145 9.259659 12.94313 -7.60138 -12.21578 -9.398055 2.389903 -11.29956 0.8695478 1.413996 
  19.81955 -5.576867 -8.008731 11.41146 -1.789844 15.96362 8.624462 -1.218069 -12.00394 -0.1087646 -9.845122 8.660522 -7.291948 
  19.51888 -5.073361 0.5923365 10.84866 -0.1235902 23.20499 1.128433 2.381288 -8.33224 4.890602 -11.15143 7.413171 -9.701841 
  19.77004 -5.946964 -3.859041 7.10279 1.178037 3.104336 -4.856819 -16.26115 -11.91403 -3.963888 -17.90402 5.368618 -7.361874 
  20.03927 -12.88562 -3.64453 8.989551 4.594264 7.703164 -7.141387 -6.396629 1.496465 5.532206 -14.02691 13.85791 -11.48056 
  19.7503 -12.4243 -7.159711 9.247868 2.281842 -2.147655 -9.385002 9.548739 -8.365775 -1.626824 -11.45743 5.094552 0.3312281 
  18.85857 -18.7492 -16.8521 5.879465 -6.114318 5.173748 0.1433701 6.416065 0.8388478 19.37186 -4.596652 20.43033 2.372803 
  19.60853 -16.99308 -11.70985 13.53417 -3.492529 16.46131 14.20409 17.83037 -2.353434 -4.04192 -20.87353 -1.566607 -1.831285 
  19.5238 -11.62145 -8.273208 5.843543 -9.743337 8.102428 6.697875 1.785678 -2.042272 -6.717773 -18.61633 -3.397888 18.29134 
  19.74932 -11.91666 -8.677916 7.12401 5.436886 12.3617 13.01118 -2.824907 -16.82975 -6.663754 -22.94524 -1.559627 5.351805 
  20.24408 -7.520903 -5.192585 19.0539 0.1026247 5.573636 -1.998668 10.28326 -7.39466 7.353174 1.042721 8.746479 6.327897 
  20.38989 -10.7109 -3.131504 9.790438 2.649042 13.77762 7.258017 11.72833 1.103533 1.842243 -17.4096 2.044375 2.914798 
  19.75973 -14.49545 -0.2504016 6.068795 5.500955 17.91167 14.53524 9.828696 1.146053 5.164282 -17.26689 2.859269 -3.044678 
  21.38233 -9.955968 0.5055686 12.14025 5.742455 13.98321 3.633968 24.81464 2.330183 7.752497 -10.54074 -1.459642 -5.019273 
  20.50288 -8.071298 -0.8417588 7.452927 -1.315925 16.64531 6.179517 1.075626 -3.034557 8.528232 1.509745 11.35774 -0.8974391 
  19.78967 -12.02563 -5.188928 12.12194 3.459989 3.932642 -3.359795 12.03162 6.140886 12.09238 -9.528091 14.72574 9.219581 
  20.63551 -14.50349 -5.723416 0.6111365 -5.874379 12.49747 0.03713482 0.02491143 6.830005 11.45679 6.411934 5.659696 2.636388 
  20.06547 -10.90685 -5.165733 3.530094 6.073565 8.776855 -8.855514 4.103502 -2.769289 6.088513 5.037999 0.1210699 -5.949959 
  19.53853 -12.35464 0.5489877 8.071311 8.417516 3.450918 -1.3171 21.90494 -8.064742 11.79931 1.56733 4.073164 -8.493352 
  18.22449 -12.51996 -1.651895 2.64618 1.241951 1.926005 -0.5813407 18.14343 -7.372152 -0.8422492 -0.3338159 3.540258 -2.272451 
  20.08472 -9.984981 4.263947 6.343004 -1.254608 11.91619 -2.046501 24.84547 -11.3954 -2.147655 -7.762702 -9.991599 -9.451233 
  20.79076 -2.630159 7.112803 17.49758 7.28531 9.605483 -8.529142 1.178166 -10.88737 -6.728655 -11.22525 -11.89388 -4.808351 
  21.10316 -1.838438 6.457356 21.42679 -0.8373553 1.131543 -2.099729 9.103737 -21.02532 -9.471912 -2.754667 -4.972037 -4.605067 
  20.94968 -1.318216 2.781651 21.85501 3.909431 -2.472167 -6.588348 7.53617 -14.55575 -4.632271 -3.521364 -6.361161 -4.075087 
  21.15956 -0.7264273 7.197579 17.06796 0.08027782 9.548302 -16.22046 8.869672 -20.54856 -0.4576779 1.46929 -8.542831 -2.679146 
  21.18221 2.091811 13.72534 15.54299 -9.881151 4.379322 -22.46816 13.61056 -11.12377 6.857714 -4.577837 -12.27908 2.537291 
  21.48022 1.827385 7.969244 17.82351 -4.957541 0.804617 -18.6043 7.37283 -14.25907 4.401943 -3.065377 -6.715485 -4.924277 
  21.61276 2.365035 9.677012 20.21612 -11.06902 5.910583 -17.53294 5.633562 -18.21354 -2.057472 9.298293 0.4792614 -9.547815 
  21.80896 2.124691 12.69064 18.78433 -14.8994 9.184464 -24.01061 4.652277 -13.93159 -2.742169 -1.291229 -1.139282 -3.042598 
  21.94508 2.747758 13.26041 17.12016 -18.65471 2.792095 -20.70426 6.19792 -20.87968 3.01061 6.496392 -5.714361 -3.244929 
  22.6723 1.915 6.949775 19.04217 -13.80735 -7.559956 -17.74446 7.554598 -18.6407 -2.673402 6.886588 -5.289665 0.2751226 
  24.29708 2.882556 -4.790592 -4.432498 -19.04379 -17.4907 16.91751 13.22698 -23.59752 9.353566 -12.34199 -11.23651 2.579573 
  24.94669 2.212874 -11.35355 -6.238207 -18.86254 -14.34908 16.97786 19.53279 -23.02884 -0.6272048 -17.16974 -10.02163 3.58733 
  25.09854 2.873057 -13.69312 -4.266798 -20.41336 -6.544059 7.949161 20.84413 -22.77868 -9.204416 -14.55979 -2.3151 5.173573 
  25.20951 1.47828 -15.1884 -4.771329 -19.00084 -4.715463 5.450585 24.03092 -21.92171 -21.13134 -11.59624 5.719706 1.045448 
  25.31226 0.5283872 -15.33226 -7.906109 -15.1019 -1.10959 0.7202521 25.95561 -14.85112 -34.5463 -7.876412 11.91718 -0.4530051 
  25.40038 0.7586872 -14.49297 -15.80892 -7.480449 6.770254 -9.353325 25.82437 -6.72671 -40.60266 -5.703554 13.78994 -3.063036 
  25.38054 1.528964 -16.37657 -13.62134 -7.327025 6.079663 -9.806448 25.75889 -9.047297 -32.83181 -12.59427 11.27005 5.365469 
  25.33714 1.305292 -16.6999 -13.15031 -7.163919 8.622527 -12.85625 26.08176 -10.58288 -28.33564 -18.30538 10.14678 12.97042 
  25.321 4.843324 -18.50969 -15.28057 -5.09569 10.84579 -17.03924 23.95597 -4.669702 -35.11702 -11.03137 0.3644199 18.16778 
  25.22342 5.421395 -19.18252 -15.41933 -4.926817 11.20292 -17.35377 18.37234 1.829926 -35.72116 -11.75305 -2.03072 17.73904 
  25.1615 5.273841 -17.48081 -20.48322 0.7205757 10.58566 -19.69412 16.99215 1.365563 -29.18072 -15.2209 -7.120462 14.52816 
  25.04716 5.212141 -18.98138 -18.94893 0.2312733 13.31277 -21.27827 19.55566 -2.505166 -23.43649 -18.16079 -10.25904 15.23183 
  24.92068 6.974343 -21.03622 -17.20422 -1.177143 15.44544 -16.81672 13.56919 0.9619513 -19.6619 -19.57107 -12.63434 10.8375 
  24.80736 8.856163 -23.3699 -15.26056 -3.512368 17.19748 -16.49528 9.420711 0.5866477 -14.75757 -19.0339 -15.66781 11.78345 
  24.66907 8.148082 -23.2015 -16.15598 -3.259036 17.16888 -9.676308 5.992527 -0.229156 -10.33212 -22.87556 -16.71556 7.186012 
  24.50389 11.17558 -25.63446 -17.24311 -2.381227 15.09836 -1.50706 3.21507 3.279683 -12.20243 -22.66101 -15.66949 2.79935 
  24.38597 14.72423 -23.41426 -25.52649 1.775265 14.1952 -0.8342012 -1.926937 7.310199 -13.13208 -15.62797 -19.26453 2.028223 
  24.17128 16.38523 -16.09246 -35.82402 3.238101 17.04603 -2.429746 -3.40561 -2.457445 -0.8358526 -18.11349 -18.08173 -3.112263 
  23.76863 15.14339 -15.81725 -31.26462 0.5319888 14.22121 5.883724 -7.781309 -2.929087 0.01742128 -16.86545 -10.85377 -8.779372 
  23.30383 17.8266 -15.15179 -28.32564 -10.91244 28.72795 -0.8113261 -6.407638 0.2280591 -0.01538274 -11.13832 -13.39582 -6.566232 
  22.97745 14.31847 -17.33321 -26.28667 -12.00717 23.29413 5.666897 -4.037466 -10.68776 0.9450414 -5.271335 -19.05503 -9.392777 
  22.45084 15.91819 -19.03759 -27.57059 -9.965338 16.05546 11.23902 3.756668 -20.15492 -3.554466 0.6440076 -16.66612 -15.03984 
  22.27271 15.93914 -14.06822 -22.62144 -15.76704 23.06855 9.32471 -4.117588 -14.43275 -10.84184 0.02957622 -16.14767 -8.298566 
  22.21493 8.175698 -16.96588 -23.83429 -14.90729 27.60115 16.41326 -1.153724 -15.45048 -8.31146 -8.964168 -14.9293 -18.71446 
  21.14469 10.78082 -7.330094 -22.0621 -19.21099 18.56247 19.11743 -1.7471 -23.06088 -1.563706 0.5846256 -15.05732 -16.02507 
  21.43629 3.891135 -7.640419 -14.60871 -10.48393 21.13053 15.81439 -2.979055 -20.38075 -8.978292 -2.39806 -0.0375452 -19.7934 
  20.53012 8.69423 -12.19466 -10.84415 -9.547784 20.16094 12.74195 2.106118 -23.97378 -12.46605 1.132002 4.34483 -22.80662 
  20.70657 -0.09892771 -2.400777 3.398758 -1.024829 22.68144 4.640487 5.965586 -16.56811 -14.35567 -4.335894 4.269925 -14.27383 
  20.49264 -0.5999434 -5.188934 5.015557 -2.768935 17.20643 19.83991 18.55354 -24.61313 -11.41045 -3.134626 -0.4317312 -17.1318 
  20.62615 -0.3745415 -2.053082 9.352736 -4.162959 25.09279 18.2505 15.95474 -10.67786 -13.79425 -17.03624 -2.814334 -11.91227 
  20.53998 -2.351667 -3.433515 7.439826 -13.03562 9.82479 14.23158 15.52671 -22.54416 -8.517979 -15.29535 17.96659 -2.529154 
  19.51423 -5.671675 -3.623838 3.623678 -13.68492 12.53829 17.27652 12.70974 -10.24819 7.5364 11.96923 16.20806 1.78095 
  19.58693 -3.854388 -8.036718 -5.581575 -15.77697 13.03872 10.89018 11.23655 -7.152857 0.01557558 8.855579 5.581796 -2.050829 
  20.40053 -1.51488 1.513369 7.8416 -3.162046 11.05603 8.303323 -2.719448 -18.48879 1.094384 7.285871 6.072879 -5.202132 
  20.70933 -0.8829655 -2.203847 4.245927 3.072748 20.02416 19.82676 -1.353627 -24.4268 -6.253324 -5.560661 7.658947 -12.73152 
  21.12472 -4.353048 -3.087612 6.732513 -4.660238 4.407087 7.972933 6.401743 -22.69853 -3.890676 5.177505 17.30025 6.060316 
  20.67838 1.304199 1.972454 10.02932 0.6996235 15.74581 0.6419945 0.8207033 -14.51816 -2.098265 -9.120937 -7.84867 -10.19544 
  21.34532 -0.16058 8.344849 3.609874 7.467546 15.1254 1.225787 0.2736199 -9.880608 -17.43492 -16.54955 -2.022168 -5.823681 
  21.65199 -1.645745 7.672664 15.51228 4.428647 10.11141 9.937263 16.67104 -6.5274 -3.565928 -10.06984 9.664335 -7.533606 
  21.57326 -3.308758 10.38358 6.062825 -0.8586951 15.61029 -2.731101 15.50244 -1.994001 7.97572 -3.230219 6.95105 -7.70061 
  21.01367 -6.421022 5.933237 6.445708 -4.282643 13.97123 -12.03722 3.93959 -16.03962 1.799852 4.368956 -2.632133 -5.585302 
  20.67293 -8.899176 8.908433 10.93397 -9.014446 2.061886 4.990294 7.523296 -8.766542 -5.160376 0.7770425 1.850338 0.001714769 
  21.05168 -15.08528 1.477075 13.46189 1.929937 8.398843 12.91688 -1.279719 -12.14196 -2.632906 -5.835117 3.293655 -2.371089 
  20.36357 -13.19314 5.092964 13.84498 3.875288 6.502552 13.64193 3.102536 -6.679945 10.63686 3.463504 3.115431 -3.889694 
  20.30383 -13.46092 4.349737 4.600048 6.622569 4.156577 -10.35235 -6.774584 -25.33096 0.658659 3.527843 -1.244087 1.348086 
  20.18882 -10.50462 8.841886 8.33844 -1.728481 22.50362 -7.534474 -4.180466 -15.75022 16.47502 17.7313 3.319568 -7.104321 
  20.38074 -12.63104 10.54733 14.99563 -6.017935 13.74797 -4.631958 14.62293 -5.68734 12.12881 11.95779 2.204956 -6.381868 
  20.09942 -12.04253 1.650825 8.21539 -1.00767 15.55482 -0.9653898 4.69874 -6.023629 12.73029 3.828098 2.77048 0.767471 
  19.44554 -13.37252 -3.233948 5.524829 -8.656535 12.87905 -2.650974 -0.9860232 -12.85139 16.33722 8.644853 10.79179 -3.269475 
  20.29082 -12.46557 -0.9896446 5.581885 -1.827597 15.17922 1.936206 22.01772 0.8308655 16.61034 0.623762 7.557289 -4.87055 
  18.9729 -13.09568 -8.918491 2.018121 -6.077972 -0.1245765 -6.965763 7.811618 -2.991287 6.869496 1.451074 -4.294673 1.253904 
  18.49146 -13.96602 -3.658806 -1.66443 -0.06027627 7.213013 -5.142373 6.050695 0.1200963 14.44475 1.226697 10.48414 -0.7235191 
  18.39435 -14.72518 -6.526592 1.06725 3.302663 15.76285 6.308285 10.84513 -3.837283 7.075956 -3.882438 -2.009694 -6.453542 
  17.69793 -15.23591 -11.63948 -0.6776769 -4.478511 7.285126 -0.6202962 15.09386 17.08029 4.340638 -8.600974 -2.074974 0.4194636 
  18.20736 -16.25676 -10.14312 6.523698 -1.672488 8.782477 -1.062726 4.984115 3.485049 14.74693 -3.640208 3.338817 2.063873 
  17.87041 -14.10173 -8.118631 5.472008 -4.332531 0.873033 -16.98136 -5.469567 -15.99777 9.458684 -9.336216 2.972866 1.595395 
  18.28079 -17.01658 -6.556355 11.81153 -9.227308 -4.985681 -22.12672 -2.570691 5.732119 12.72512 -19.635 -9.991459 -12.73546 
  17.57817 -18.48014 -8.936824 -1.36236 -5.5402 0.618826 -5.068698 2.447886 -22.09785 4.847013 -4.3919 6.711233 1.900432 
  17.51259 -13.95552 -12.69581 -2.752223 -10.06849 9.111096 5.195375 3.134718 6.047791 9.028204 -0.5955037 -10.75688 1.801006 
  17.71998 -14.1837 -9.408116 0.4912813 -10.90047 16.65248 5.058893 4.772795 -7.030155 3.71467 -6.541653 0.8207474 -1.055572 
  17.17607 -15.30632 -16.29078 -4.699223 -12.42467 5.881589 -7.120852 9.368175 -1.108647 2.061128 -10.39486 -5.215599 -12.77218 
  17.76462 -14.67175 -15.07515 1.230198 -10.04186 3.092241 -5.075311 7.715996 -7.866513 5.464978 -11.97528 -7.558107 1.938766 
  17.75691 -18.54406 -13.59135 -1.065136 0.2472069 9.011986 1.616701 21.83436 -8.884004 16.89317 2.817402 5.513171 6.035408 
  17.21012 -14.60394 -14.25239 1.836044 2.24549 2.048931 -9.495629 7.194553 -14.31081 11.45717 9.488944 12.45039 2.297765 
  17.73779 -14.6393 -11.40713 3.269775 -4.161037 3.537766 -12.52531 -3.501887 -11.13079 5.841503 -11.8682 7.465542 3.471622 ]
