no_3  [
  17.78755 -17.56595 -7.990285 -2.357293 -7.292925 -2.081226 0.1055824 8.04801 5.455573 0.2667462 -15.73938 0.7404499 4.990003 
  17.31368 -17.72651 -9.211924 2.186497 -8.245234 2.728784 -5.67736 10.45523 -2.109526 1.914843 -8.973754 1.259809 -0.9434318 
  17.54953 -18.46063 -11.17167 1.380958 -7.374018 12.04966 -5.035952 5.345416 -10.63996 -8.998306 -20.39962 -1.102361 9.307532 
  18.05079 -16.72668 -6.267487 0.04858476 -8.606061 24.60521 -18.58478 12.08027 -23.82491 7.941607 -3.328528 0.8997602 -12.30372 
  19.94163 -11.18629 1.802046 16.42958 6.229806 20.61615 -17.50089 -1.257687 -15.1929 -3.728772 -4.967045 -8.064171 -16.29746 
  20.06878 -3.985948 7.252543 16.47604 -2.351676 17.10105 -14.50597 3.281674 -17.50238 -1.695215 -7.460474 -7.607549 -13.46125 
  20.52376 -5.734813 3.757891 16.10388 11.5873 0.05436898 -9.31011 1.672449 -14.68469 1.108549 -21.05406 -12.18721 -21.12916 
  20.4651 -1.955617 12.584 16.77326 1.895284 5.655848 -13.56719 0.9254535 -12.2825 -11.14721 -13.18304 5.37933 -10.3417 
  20.87479 0.8784748 11.07565 19.26915 -9.12365 6.627742 -17.66492 -0.691599 -22.8272 2.128102 -9.136283 -1.474497 -10.17177 
  21.36399 0.7273424 10.053 16.5029 -3.091431 6.295848 -12.82171 1.195807 -16.49946 2.415752 -7.907198 -12.89383 -7.002535 
  21.24813 4.908913 13.48225 17.88271 -9.802192 0.6527211 -18.81136 6.986441 -25.70166 3.831562 1.169472 -1.507273 -8.57093 
  21.43128 3.221 9.908093 13.18046 -4.709006 9.633315 -16.42887 2.473018 -9.269032 -5.737845 -14.09978 -0.2158728 -6.223718 
  21.44141 1.571727 12.17109 18.89116 -18.09897 0.8109384 -23.87784 15.09489 -10.48826 -4.663285 3.390336 -5.732274 0.002026545 
  21.64172 4.412791 10.95144 18.17849 -12.24195 -3.187127 -22.28635 7.551615 -20.56608 5.631833 5.010353 -10.16754 0.0710963 
  21.89827 3.471273 7.606413 20.89921 -13.79919 3.879615 -28.40933 8.475871 -27.45902 8.03843 4.598557 -14.39435 7.92811 
  21.91388 3.312437 11.38906 16.83081 -16.68632 3.096039 -24.31018 4.629727 -28.8927 12.20049 8.869136 -22.16644 9.071419 
  22.19825 2.480183 15.07627 16.94981 -22.3312 2.032345 -21.52985 10.32822 -27.57693 2.131446 7.352398 -13.49505 10.9585 
  22.30375 2.567719 10.35719 17.91545 -18.26762 3.289638 -29.17047 15.68465 -25.80998 7.791554 -2.243728 -15.14111 11.66247 
  22.3945 1.602392 9.41742 23.1165 -18.86067 0.937326 -34.84407 15.21234 -27.91248 9.95702 4.271843 -17.85994 1.795669 
  22.75052 1.202615 6.184583 6.310136 -12.85562 -9.371316 -15.88447 15.22458 -22.99021 -3.433095 6.483952 -11.28855 3.744653 
  24.45876 3.02079 -0.4068348 -2.400234 -20.33406 -24.49523 14.22403 15.93623 -25.7042 11.60559 -4.609599 -16.84727 2.243252 
  25.0414 0.8385509 -7.91745 -5.536249 -23.56496 -21.12113 21.58797 22.41069 -27.53915 6.602976 -16.69196 -13.19981 4.756763 
  25.30004 -1.620609 -7.721124 -4.588485 -26.54235 -13.65301 19.97446 25.33783 -34.57691 -5.401094 -16.46641 0.9175701 8.008061 
  25.30213 -0.9066941 -11.36105 -4.069952 -23.44365 -10.91442 18.10695 23.50843 -32.39124 -10.09918 -14.17902 1.505676 5.733864 
  25.34744 0.6363992 -15.05992 -2.786578 -22.45816 -9.711185 17.72908 24.85969 -30.33386 -23.01265 -11.71309 11.48751 -0.4071683 
  25.39106 -0.7213787 -14.47062 -10.23923 -13.59258 -1.94955 8.83195 28.82794 -28.14263 -30.64141 -3.139149 14.79322 -6.020454 
  25.41277 -0.9187571 -14.49569 -14.66898 -2.81306 1.715648 2.073821 25.50435 -22.28716 -32.77037 2.165756 13.15898 -4.040183 
  25.39339 -0.384213 -15.45873 -13.53676 -3.258168 1.908215 2.171925 20.67803 -16.41054 -33.70172 -1.663938 19.04792 -3.191267 
  25.32473 0.01480081 -15.15127 -15.25925 -1.047256 0.9164844 -0.4505428 22.23155 -16.24361 -31.10232 -9.152274 23.5626 -2.191883 
  25.2311 1.023011 -16.06218 -16.87338 0.5848945 5.579679 -11.99976 25.32035 -14.12722 -28.96318 -19.2738 21.67493 3.978456 
  25.13267 3.597671 -17.33847 -19.01931 3.17591 8.485777 -18.1238 25.35526 -9.664053 -30.89528 -20.6205 10.2351 15.66285 
  24.98141 6.787658 -21.17382 -17.4317 3.640341 6.23384 -16.1756 23.78908 -9.027942 -29.25897 -15.12148 -5.223856 25.98069 
  24.80032 5.477196 -22.95474 -15.53269 1.983095 11.10959 -11.51662 17.56666 -9.790483 -19.10521 -22.00239 -4.431021 21.50976 
  24.58227 6.006256 -24.86723 -15.52206 -1.041048 17.01137 -9.948721 16.32907 -6.435617 -12.31704 -24.53682 -6.48317 18.59762 
  24.32251 9.437395 -25.9155 -21.45072 5.040267 12.45535 -2.834712 4.718953 2.090859 -14.84912 -19.58193 -10.54698 19.68264 
  24.11261 17.02731 -27.99398 -25.33419 11.19454 11.86181 -5.083416 -0.9648131 5.444014 -9.195361 -24.53992 -4.616961 9.011005 
  24.05278 21.86329 -26.47958 -28.09632 10.29534 14.85203 -9.723025 -2.658561 8.599919 -11.96924 -20.7656 -5.593595 5.898382 
  23.73543 19.52958 -24.3533 -27.45323 8.010434 16.18468 -8.729529 -0.2432959 2.093026 -5.892422 -19.3705 -8.27986 3.705437 
  23.48374 17.01317 -21.44922 -27.95206 5.143425 17.82054 -2.506139 -4.070542 -0.5320995 -1.335984 -20.2322 -14.03621 8.962805 
  23.04356 15.70997 -23.12651 -30.43103 0.9103056 22.86042 -0.7329442 -2.663298 -5.181696 -3.456643 -19.62966 -13.52745 -0.9782798 
  22.38409 14.96349 -17.78841 -28.03371 -0.7487561 20.08284 4.433854 -5.197971 -6.221271 -7.804524 -8.459751 -11.58934 -11.05216 
  22.39572 12.41853 -11.80923 -18.27238 -6.523757 28.82743 3.578217 -5.729883 -15.44524 2.797962 -6.788058 -19.73535 -5.901101 
  21.7567 10.77899 -11.58985 -22.38526 -6.73322 35.01559 4.744602 -7.669811 -16.59075 5.439727 -11.3705 -14.55677 -10.8908 
  21.37128 8.284087 -1.865169 -9.349112 -6.455616 26.53601 18.41658 -0.009299615 -30.93122 5.252661 -3.230284 -5.90134 -14.76266 
  21.57689 3.713899 1.341075 7.553162 -1.014875 22.77304 17.69474 -4.418041 -20.95004 -4.693921 -1.714738 -0.3715496 -1.854711 
  21.35003 2.320997 -4.493825 4.711346 5.694775 21.17499 11.66174 7.388515 -19.46153 -3.974979 -2.502091 -4.568267 -0.7602151 
  20.80142 -1.423627 -5.92812 4.086126 3.038751 25.71906 15.19818 12.20007 -28.58423 -0.4789504 12.60547 4.647657 -11.39381 
  20.15834 -0.9204037 -4.711355 1.93802 -9.062307 12.32574 13.90842 1.810369 -24.34859 -18.85778 2.903937 18.15477 -8.02573 
  19.05 -3.897899 -14.20189 -9.239127 -15.81253 14.57403 -0.1778226 -6.128397 -18.09658 2.899057 0.8528721 -1.51482 -8.478551 
  20.22426 -2.319241 -10.79563 -5.229015 -7.201408 19.36001 6.103589 -4.704613 -17.00104 13.41698 13.6468 12.19168 -5.637582 
  20.1858 -2.255986 -11.71201 -0.3615972 3.806314 30.36407 12.37846 7.004742 -20.45672 24.09753 15.33558 1.353776 -8.169785 
  20.13168 -3.93017 -8.008578 5.186969 4.581426 27.71311 3.920574 2.447134 -25.26772 12.91244 22.43037 5.787558 -6.921929 
  19.88355 -7.69813 -14.68894 -4.987823 1.394407 28.73 14.81745 12.34778 -11.60823 4.428613 14.31161 5.913557 -0.5141302 
  20.16599 -5.543606 -11.64363 -1.375957 3.498856 20.44324 11.48644 8.702724 1.622224 3.616305 1.407261 5.620588 -11.54959 
  20.58262 -4.206733 -7.266196 -4.253796 3.748902 20.0808 6.885538 3.74134 -5.930985 8.123542 3.94807 11.28033 -6.35997 
  20.62522 -3.170856 -3.166949 0.6270605 3.174565 20.70781 -3.023219 5.381319 -1.844253 10.3931 10.221 14.62998 -4.694949 
  20.91191 -7.022264 -5.395807 6.394635 4.260951 26.18317 -9.993898 11.04084 -11.80362 3.794843 6.845128 11.89081 -5.936348 
  20.57831 -9.755507 -4.758736 11.75769 -1.244094 26.13973 -3.587649 8.648466 -0.1327179 1.018961 -4.877111 -9.183537 -2.209991 
  19.38835 -6.072623 -8.735478 -3.540829 -1.803826 18.35975 4.818389 12.98747 -11.42645 0.3714227 -0.4112186 -5.202756 -13.72816 
  19.08829 -8.429739 -3.551919 11.92367 8.958306 18.19511 -7.120435 4.099927 -20.22001 7.912826 4.711697 7.401189 -10.37543 
  18.97658 -11.92513 -9.323342 6.440118 0.9877213 11.31001 4.960607 12.30381 -4.306211 16.9212 2.855303 3.251567 -6.981005 
  18.21854 -10.89785 -6.902865 3.299626 -5.034579 12.55841 -5.891544 14.34014 -0.6383567 12.4598 2.784011 -10.57137 -7.380994 
  17.96861 -13.41349 -14.54279 -1.206293 -7.673333 9.693837 -7.168797 -6.366897 -11.73963 3.015852 4.234651 2.367196 -16.56722 
  18.16738 -9.645505 -15.05761 1.414214 4.850883 18.39842 12.07828 0.1144655 -13.53937 11.02371 3.39806 2.098068 -14.56288 
  18.5191 -15.90907 -10.7174 3.308255 -1.244223 18.84706 2.933993 0.4721633 -12.50452 1.397725 2.123008 5.501598 -6.059814 
  18.28294 -13.05593 -10.07005 -0.7822242 -0.1007729 9.576603 -0.295844 5.769145 -5.477964 -2.885884 11.33334 11.49672 4.546991 
  17.84621 -15.46794 -10.55189 3.380117 -0.9584411 9.737648 -7.506976 0.2129328 -5.306904 -2.989293 3.45194 -0.5044384 2.62827 
  18.34216 -11.91849 -11.69242 0.5977115 -1.197963 10.55123 -1.504418 -2.87298 3.394201 -1.840794 -13.20609 -5.513025 5.465493 
  18.31693 -10.48698 -8.723342 0.713259 -4.060307 9.170809 12.89255 8.665105 -2.191096 -3.042956 1.789674 11.05783 1.52844 
  18.31558 -13.05563 -7.936927 -1.522976 -7.691456 2.028637 0.9605848 11.1887 -14.17926 -8.692039 2.604887 4.592191 -8.167736 
  18.3949 -14.18997 -10.11679 6.300108 2.179639 3.612715 -7.391228 3.042099 -4.011765 -1.351296 1.181952 4.463127 -9.122471 
  17.40771 -16.4855 -7.320235 1.438214 -10.41268 1.632489 -7.15948 15.47282 4.13174 -11.10439 -22.47674 -5.703764 1.864832 
  17.6717 -14.5216 -1.713839 -1.878058 -16.2996 -6.980452 -8.138885 5.5362 9.983299 2.998511 -5.34388 7.894615 -2.789096 
  17.23866 -16.02913 -5.575564 -1.87178 -15.45615 -3.312881 -11.1544 10.7171 -11.90377 -1.114191 -1.045456 10.42937 -4.753796 
  16.96894 -16.60566 -8.695962 -1.087585 -16.49616 2.878798 -17.60138 -1.418629 -12.64016 7.36554 1.162472 6.248591 -8.697437 
  17.51708 -17.87082 -11.60807 -3.469898 -8.750355 2.571814 -19.88006 14.67931 2.0938 -1.408019 5.865442 16.58463 5.512443 
  17.40375 -11.92044 -10.01944 0.2695001 -12.82425 5.114419 -13.25133 2.06317 -18.91309 -6.049886 -5.065642 -4.299402 -2.798029 
  16.87984 -18.68068 -10.94211 -3.290469 -6.428711 -0.1077874 -13.47457 -2.31512 -7.92634 -7.149763 4.031954 -0.6544704 -1.634668 
  17.01689 -21.45498 -8.172073 -0.8551677 -10.713 -3.659299 -10.74291 11.93732 3.367226 13.38332 -0.9340246 2.870155 -3.639978 
  17.46029 -16.70003 -6.815176 10.73195 -4.353338 9.713853 -1.881024 5.672071 -3.171206 3.286681 -12.01399 0.8679657 -4.809139 
  17.38809 -14.29549 -5.644633 -1.915194 -11.76307 3.304647 -2.74664 -2.484048 -9.800927 -6.971754 -8.180558 -6.399539 -3.931645 
  17.28886 -18.17245 -7.66294 -0.8338817 -13.436 -1.912287 -3.168157 9.255102 13.22684 11.98101 2.274107 15.23272 -3.121866 
  17.42693 -15.79929 -9.43552 3.727501 -14.83703 4.54113 5.194101 12.2467 3.733518 -0.2251709 -3.076457 11.02794 1.350399 
  17.36894 -14.57038 -4.905595 4.08667 -5.871709 0.003626163 -12.78688 9.733842 2.578087 12.74989 -2.614033 6.442543 -8.557034 
  17.32838 -18.36196 -13.22729 2.334464 -16.00504 -6.243142 -5.664148 5.191747 -2.669136 8.836583 -5.50398 12.62304 8.120487 
  17.06768 -15.70248 -11.65211 -0.5271635 -11.01247 5.564326 -10.67231 -6.741774 -6.903354 -2.455944 -8.432363 6.517101 -5.451888 
  17.25599 -15.02896 -10.76458 -1.853036 -3.612118 16.17482 -17.34232 -10.75392 -1.243997 4.590999 4.34973 7.957498 -8.669188 
  17.21138 -18.075 -12.66968 -2.688075 -4.105766 9.400129 -11.71433 8.862973 -7.196332 4.40272 -1.457639 -13.03837 -12.32972 
  16.97217 -16.23043 -6.228579 0.3553561 -6.517052 -4.938458 -20.42604 -0.7496654 -18.98355 -3.236299 -4.022581 0.5649834 1.143354 
  17.29177 -17.14406 -12.36471 0.6978449 -7.072968 5.662373 -14.66656 6.136919 -10.70914 4.513675 -2.062575 10.18299 4.435248 
  17.45867 -18.003 -6.971345 4.171711 -5.283979 17.08116 -2.331429 3.63018 -28.24708 1.657212 -11.42389 1.157055 1.773604 
  18.31607 -16.04671 -3.425368 8.006991 -11.69917 4.238894 -14.65157 17.35125 -14.2552 3.193065 2.000327 9.265134 -3.726054 
  17.56314 -16.21617 -8.76098 3.493917 -16.81342 9.101833 2.226415 7.768513 -0.6765362 16.20586 11.63946 8.234044 -7.3753 
  17.4215 -16.24315 -17.75698 -3.429446 -10.237 3.467852 0.8939669 9.6099 6.025968 12.84358 6.764738 15.86644 1.04415 
  16.80529 -18.39772 -19.05676 -5.002849 -9.385989 3.382048 -5.306553 2.536003 -10.34525 7.438142 -0.639963 -1.694758 -4.19971 
  17.22176 -14.02726 -9.455873 1.891847 -10.50975 3.264047 -8.621753 3.590796 -8.44346 19.35273 -5.63344 -1.596382 -6.399798 
  17.38426 -15.13437 -11.32111 1.19614 -15.65404 3.677117 1.895257 13.7712 -11.17082 15.19197 -4.906702 12.62769 -5.205162 
  17.59637 -15.08824 -11.89238 3.908144 -0.9822124 -3.429353 -15.78114 5.787661 -6.08659 -1.819263 -4.561203 3.370651 0.7958143 ]
