stop_1  [
  22.80319 16.92304 -2.405363 -5.514394 -0.2270696 -7.508665 -15.00233 15.33318 -15.83017 -6.834816 6.097823 15.17559 -3.054479 
  22.60569 12.2343 -3.559339 2.031987 -0.1914457 -4.567636 -3.365813 7.149258 -14.7116 3.344432 -0.7702911 16.22985 -4.957629 
  21.98057 14.20085 -0.5915624 2.31777 -9.211444 6.390907 -12.04816 -6.401704 -3.623522 13.50785 -7.496734 -8.12243 -6.847143 
  22.23019 12.46515 -4.922847 -1.353755 -2.391172 7.645438 1.483528 9.397276 -1.690063 -5.478528 -24.77375 2.202527 -12.08629 
  22.18006 12.93876 2.233098 -2.059172 -12.77821 0.9334143 -12.97876 13.53854 0.1322928 1.325018 -20.50061 -6.77405 -9.872931 
  22.85184 10.6274 8.149545 8.888844 1.148631 6.624077 -11.909 21.67529 -5.853661 -12.93959 -19.32557 0.03724766 -8.853045 
  22.89132 13.60629 6.535968 16.26059 -4.927625 -6.844723 -11.1866 18.20898 -0.8967994 -6.189074 -21.57277 -1.114105 -7.799126 
  22.40297 11.38668 -0.6927629 6.320037 -12.37057 3.003339 -2.764457 15.02709 8.577825 2.537381 -5.41967 4.359767 -1.169078 
  21.78279 7.797107 0.01573244 8.529334 -3.488441 4.115351 -18.26349 -0.1165874 -9.379542 6.688586 -14.20959 15.18138 -1.14148 
  21.50181 7.398095 -1.870593 2.702018 -13.46814 2.485631 -11.1145 0.4600132 -5.025792 -3.502425 -14.56386 10.29297 -10.9803 
  21.5238 8.707867 0.6967854 8.867632 -3.996536 -10.99948 -18.81565 4.746505 -8.629148 -6.271558 -17.25683 0.1717415 -11.71301 
  21.78671 7.011028 -1.332576 5.031136 -17.75071 -12.35507 -22.40326 1.984505 0.2463433 -13.26379 -22.59104 -5.001743 -13.38081 
  22.0566 12.70443 -0.5404521 4.335246 4.461468 3.66945 -4.405872 13.34149 -13.75018 -12.35564 -10.78554 7.931328 -8.851192 
  22.62129 11.84439 4.947461 6.395376 6.410892 0.8008657 -17.28592 -2.279403 -14.21578 -11.39236 0.1957784 7.224134 -0.4119612 
  22.70762 12.04032 1.265524 9.341218 -3.20631 4.179523 -16.71938 4.310484 -7.137533 -19.32416 -5.562588 12.82109 -2.906533 
  22.37691 8.514133 2.049715 8.333604 -5.724759 -0.2465126 -13.71945 9.492267 0.09207173 -3.353697 -7.99949 1.217872 -1.874608 
  22.38249 11.24061 8.24163 9.350455 4.347577 -0.72916 -11.92956 7.711591 -11.51336 -17.5609 -14.6119 3.876383 4.272116 
  22.69902 7.164853 10.85567 16.96784 8.695415 -5.12157 -16.64675 7.99697 -0.4832297 -10.83254 -23.28331 9.243284 13.62495 
  22.47378 5.423144 11.72019 15.16702 5.343391 4.817555 -11.52999 13.18238 -0.6873419 -8.59255 -9.189256 -1.917595 -1.852123 
  22.15551 8.882844 -0.6075881 3.395162 -1.171468 -4.87175 -13.6472 11.58016 8.641378 1.922812 -12.38766 3.749734 5.753171 
  21.67163 4.902 5.704353 7.447998 0.9990968 -3.358273 -19.23725 -11.02557 -12.01904 -0.3933343 -13.42934 3.379575 -8.224093 
  22.05038 2.762664 9.020648 19.45583 5.344458 0.5811054 -8.008104 1.186161 -8.863447 7.107466 5.097888 -6.803699 -0.9054971 
  21.97705 7.951206 6.106179 10.83594 -0.135032 2.852566 -16.52472 5.580219 -8.399551 -0.1830778 -5.39587 -4.483395 -5.047897 
  21.38037 6.300831 0.2872885 8.211181 2.973953 -3.558238 -28.32552 0.1684883 -14.67206 -0.1438275 -14.61022 -1.645603 -8.49656 
  21.58967 4.721291 4.980675 2.763361 -4.310833 6.229486 -14.15488 -0.6337917 -4.013649 17.39511 -7.637807 -0.7554674 -3.696126 
  22.18743 6.129995 9.201327 7.775801 4.615224 11.84524 -12.59992 6.001019 -5.797287 -1.436906 -14.02152 -7.462255 -10.16786 
  21.97155 3.692737 6.412428 12.89745 10.9437 8.883732 -7.921334 -1.772584 -13.09973 5.697884 -5.235033 -10.21452 13.87805 
  21.33603 3.11018 7.290848 12.33756 10.64589 12.19451 -14.58945 -3.206676 -12.12864 -13.59728 -1.082731 12.90827 7.108828 
  21.40335 -0.7879965 3.309985 12.93102 4.932197 14.88554 -16.90218 -18.88557 -6.510517 -5.064652 -2.406719 -2.852194 -7.832653 
  21.0508 2.22148 9.333166 9.252415 10.21262 20.82554 4.469581 -7.968179 -5.266221 -2.689925 -11.65848 4.282508 -13.15908 
  21.13374 -0.5170349 7.533267 3.468164 -0.4463247 4.457149 -20.60824 -17.27874 3.590231 10.26857 -0.06740034 6.105191 6.349758 
  20.60191 -0.8601068 6.585656 -0.7398248 -7.423923 3.699328 -1.778062 -5.428418 -6.983586 -14.06411 3.161708 9.121021 5.25198 
  20.80305 -2.604798 7.573273 12.51557 1.370507 12.38182 -1.841988 -0.5458952 1.310752 -5.935336 5.74856 -5.768964 3.248778 
  20.81642 -4.771441 9.771429 9.142591 9.797641 11.95024 -5.066803 -9.914394 -17.37831 -9.631207 4.100406 -7.660918 -4.064495 
  20.29973 -4.690445 3.855607 7.728931 1.853035 -0.6307842 -0.279608 5.754247 4.840877 -1.636119 -0.1948714 -16.47173 -3.611958 
  20.40489 -1.323599 -1.65055 4.563905 7.965578 -10.62979 -6.18265 0.3902025 2.120373 1.020269 -2.581643 -7.764147 -10.23407 
  20.80168 0.3470195 2.308857 9.096281 7.324163 -11.08593 -8.302034 -7.684279 -2.162925 -0.3125143 1.639478 -10.43824 -7.975217 
  20.88988 -1.316598 0.5850028 12.23196 20.44171 -1.418186 -12.89327 6.781776 -0.1689819 -3.571248 -4.914856 -15.97529 -15.84079 
  20.77366 -4.141 3.268005 14.94543 5.814318 2.293355 -15.58935 0.2780008 17.44246 -8.406487 -10.19073 -11.08674 -5.680547 
  20.12493 -3.638781 -1.16068 2.532978 3.679791 -8.636877 -13.66263 10.67365 12.06111 5.895722 1.023935 -2.166893 -2.249927 
  20.6398 -2.234772 6.667879 1.532714 -2.555531 -2.540524 -11.97458 6.063823 -2.601599 2.63787 7.854625 -0.2752161 0.8046064 
  21.19337 -4.659283 6.603476 6.477575 -2.038462 -11.43737 -11.76182 6.329293 -3.059254 -2.782827 7.827747 11.84243 3.269429 
  21.03712 2.713929 3.626039 12.58217 -7.608001 -12.15446 -8.294086 -1.24829 -7.360533 0.3352523 1.436066 6.437296 -5.806692 
  20.99316 -1.525555 0.3690058 9.384032 -15.25956 -8.687706 -4.925093 -13.62523 -17.78575 1.055035 7.088701 8.8883 -1.412777 
  20.91829 -0.5299702 0.9005547 10.05173 -1.180035 3.988114 -4.669146 7.695426 1.181314 15.03248 -9.369069 1.928796 -9.35323 
  21.93526 -4.35205 -3.652321 8.522618 6.615182 6.2762 10.2487 8.512115 16.56063 3.461343 -5.088997 6.788572 -17.22634 
  22.79624 -4.867854 -6.712002 1.797628 -5.722476 8.212892 17.35751 20.49492 9.382114 2.783615 -6.451759 -2.009076 -7.557119 
  21.7268 -13.23814 -9.492743 2.435747 -11.86032 6.191922 12.25095 10.86667 2.545088 17.186 4.562356 -4.917297 -16.06772 
  21.99497 -13.38945 -7.776143 7.2318 -10.7317 4.096497 -0.7007077 13.35535 -4.215321 -10.44506 -1.3613 10.33994 7.065253 
  20.23539 -18.06422 -6.822058 -4.915681 -3.269736 -2.768538 -2.690254 5.146246 -12.18342 -2.891707 -6.394699 5.239552 -8.748512 
  19.84142 -19.04498 -1.304254 -7.387414 -10.02004 9.341457 -15.78918 6.768692 -0.8329175 4.47878 3.43426 -2.959557 -11.41092 
  20.59515 -18.20289 -0.08200845 -5.943071 -4.674213 13.38224 -2.636177 0.07286166 -3.736321 9.530914 3.705131 -5.871509 0.1996048 
  20.73087 -16.70141 -4.709248 -7.167859 1.135142 8.879597 -12.99192 4.70584 -0.5737165 6.108734 -2.365372 0.4803429 13.14588 
  21.02956 -20.18313 -7.601376 -10.24887 -3.603376 5.313303 -5.961822 25.94785 7.105703 -1.140709 -1.966701 5.650835 8.923861 
  20.80667 -17.36765 2.869531 -4.04903 -7.269615 2.521384 -7.247343 10.11279 4.217871 22.62291 5.44822 -11.0358 -13.53993 
  19.94236 -15.50668 -1.642335 -7.705173 -10.81366 4.203185 -1.817377 -3.265162 3.49109 15.30592 -1.876223 2.1022 -14.33205 
  19.32969 -16.55619 -6.131459 -10.93682 2.931896 1.408403 0.8244179 6.41492 -3.082141 18.904 1.156667 1.592754 -8.39985 
  18.79481 -13.85235 -11.07089 -2.868421 -3.557602 0.2484958 6.331971 13.87918 1.011309 13.36334 9.694373 -0.08588219 3.994657 
  18.59027 -15.33438 -13.15746 5.656489 -0.4621623 3.867543 -4.227761 5.372058 -1.886463 13.4252 -6.805719 12.1169 -0.7616068 
  18.60024 -13.14701 -14.6873 -1.199837 -2.939863 6.216354 -14.14912 -0.7610039 -16.78443 3.732138 -10.97407 15.49373 16.13852 
  17.64166 -10.58252 -14.31728 1.792564 -4.87616 1.95582 -6.418351 3.018322 -5.335217 4.650877 3.950311 9.10639 -3.056296 
  18.22856 -12.76107 -16.89607 -0.4851757 -15.22088 2.942 -15.94621 4.312464 -2.836005 14.02455 3.488112 -3.569272 0.6675382 
  17.75122 -13.81809 -8.422526 1.208373 -10.27167 -0.5635496 -14.71945 4.740388 -2.223036 19.93337 -1.66523 -1.223127 -4.828593 
  17.43291 -12.43152 -10.00415 10.00831 -2.976504 -3.217077 -23.13725 -4.702767 -2.782669 18.60132 -12.14129 -6.257586 -13.93536 
  17.59711 -14.38625 -17.2179 0.4374726 -7.998512 -0.1228162 -10.76673 7.013181 1.571517 10.22789 0.5880495 -11.46289 -8.761426 
  17.18691 -13.52139 -13.25044 -4.069748 -8.28328 8.184473 -6.464221 10.47472 -1.420568 14.93211 11.89512 -5.017021 -3.292858 
  17.0745 -12.1904 -14.93297 -7.165663 -12.59193 2.94712 -11.35618 5.023425 4.582841 21.39763 2.953988 7.253703 5.042764 
  22.32287 -13.755 -11.27328 10.35564 0.2518379 5.655258 -28.0733 -0.7095773 -7.837092 -7.369567 11.08957 -1.993074 -7.114975 
  24.22942 -3.167162 -7.05514 -2.663849 -15.68362 1.386966 -9.136622 16.92216 -0.5538264 -3.120763 -5.308624 -12.49684 -5.326225 
  25.23237 1.096225 -11.64787 4.947067 -19.97175 6.948069 5.329606 18.92928 -1.885093 -13.06884 -19.66787 -2.4083 -1.959111 
  25.64394 -1.048326 -10.48873 -8.569899 -22.1487 4.730906 6.588566 12.58431 -21.03073 -12.91775 -16.02274 7.872946 -0.1403219 
  25.68374 -1.288678 -12.55622 -8.423157 -17.92923 17.05345 3.198275 16.66998 -15.96844 -19.23015 -10.92515 15.76488 -5.994945 
  25.63874 -2.259286 -11.12513 -11.52008 -12.10739 22.6794 2.992586 10.87638 -12.12919 -25.206 2.590384 12.57219 -8.828491 
  25.50054 -2.85946 -13.11549 -11.58278 -5.969372 27.55867 -7.920517 7.428075 -15.81561 -22.14829 0.784015 9.444077 3.320019 
  25.43839 -2.018345 -16.23835 -10.18557 -2.654849 27.83873 -17.39501 7.73262 -20.12836 -16.08537 -0.8700142 6.021229 14.90264 
  25.3503 -1.037959 -14.27329 -15.87368 7.007594 24.66099 -28.20403 15.35116 -24.98183 -11.92082 -1.598431 12.40618 12.15443 
  25.32967 -1.745517 -15.44839 -14.50845 6.633928 21.19888 -26.63743 14.06177 -26.3741 -4.571991 -7.044877 10.41106 14.32238 
  25.2661 -3.318166 -15.78678 -15.30803 8.213215 15.33442 -23.84319 8.94314 -21.0651 -6.291844 -10.51457 6.297724 16.00183 
  25.10585 -2.720475 -18.15973 -13.84831 5.957814 17.16811 -25.41899 7.531862 -20.75344 -5.197829 -14.94848 3.743671 16.19945 
  24.98098 -1.039956 -17.34804 -14.1112 0.8962038 23.08969 -21.11472 9.124233 -14.76958 -10.87794 -13.62236 -1.521606 15.63649 
  24.79473 -2.330965 -23.83737 -17.69246 -3.213717 27.81434 -21.46699 8.177774 -16.15972 -18.15031 -8.604857 -1.227139 20.00547 
  24.1602 0.3896016 -23.37735 -20.40472 -7.727202 35.0823 -23.01447 6.027779 -5.926105 -19.30103 -15.68347 2.218185 12.3094 
  23.93185 5.551916 -25.9479 -19.35942 6.958839 33.39162 -9.290064 16.28243 -9.701518 -29.2495 -28.12537 8.126515 16.59413 
  22.38153 13.98688 -16.84815 -20.17043 -0.2594967 13.82259 -16.58972 12.34824 3.919491 -9.39915 -18.116 -7.779714 -3.979445 
  22.01783 1.318962 -11.13071 -7.404658 -4.358094 9.869031 -0.02205796 26.09748 14.14847 13.94133 -12.31121 -2.862102 8.288679 
  20.67685 -11.47706 -10.848 -0.5647879 -6.136927 2.130267 -11.49234 1.662001 1.772142 7.471385 1.798597 11.51547 5.895537 
  17.30657 -12.06533 -8.649613 -1.366471 -12.24969 3.112331 -7.866222 4.031862 1.783336 6.65976 7.40938 10.74498 -5.165105 
  18.20094 -12.87532 -4.694774 7.76224 -17.62124 4.614032 -10.51429 2.270793 -8.919108 -3.709679 2.852446 2.692054 1.113092 
  18.37319 -15.74693 -8.649154 8.530862 -9.273864 3.638743 1.791548 -2.21148 -21.19778 5.724523 3.764042 -8.100557 -1.520912 
  17.36473 -13.6109 -9.141953 -6.229889 -8.800704 -8.835158 -14.4011 -0.3935321 -5.387629 17.45827 -3.391677 -1.095898 2.509418 
  17.45785 -11.60439 -8.217811 -3.471991 -3.986463 -1.951376 -8.672592 5.468188 -0.660346 -1.496071 -9.591884 -6.173587 -0.4974757 
  17.20755 -13.53067 -8.172375 -6.803218 -13.9537 10.82485 -8.038578 8.194276 -11.07176 -1.763539 -9.395632 -4.415517 -8.528157 
  17.21446 -13.1787 -9.875503 5.108013 -14.07641 -1.860781 -15.86466 3.732876 -14.87049 -2.412873 0.008366938 -16.56652 -9.913915 
  17.41767 -13.70209 -10.17565 4.341983 -7.846672 18.76516 3.007903 7.677179 -18.61369 5.683805 2.614524 -8.972154 -17.79866 
  17.28321 -14.19414 -6.795814 -0.5719054 -7.947994 8.91262 -5.997873 4.904134 -6.857316 8.585438 -1.859504 -2.527857 -19.89392 
  21.44164 -5.058644 -2.86279 0.8995803 -9.54084 2.512544 -9.145335 7.026725 -13.02065 10.44839 -1.744351 11.06416 1.020755 
  24.25179 3.826538 2.598075 10.02309 5.721913 13.77543 0.1896176 15.95479 -9.394875 3.449145 -1.226357 2.590785 6.670224 
  24.86332 0.3516864 -6.618838 0.2488913 2.225681 17.52772 -2.531656 22.25518 -0.7082921 25.65775 -10.20153 5.106874 4.774894 ]
