stop_3  [
  18.14307 -14.75342 -7.89489 11.66745 7.004902 14.40379 -1.25535 -4.46529 -1.345326 1.082403 -15.41332 -1.264635 -4.767539 
  18.15656 -16.3033 -9.231752 7.672382 1.161746 15.17582 4.073943 4.016739 -2.18441 10.25155 4.487374 -1.141771 1.694492 
  18.08892 -14.73703 -13.72284 -2.50122 -10.33294 6.665756 -9.855302 11.5355 6.604176 2.767698 2.197237 9.855062 -10.27034 
  17.82913 -12.53905 -13.26887 -1.441661 -10.34664 4.02808 -3.899165 -4.58703 -2.495 10.14916 -0.5679229 6.875562 -4.271251 
  17.91886 -12.94707 -6.499224 4.648077 -7.794558 -1.57492 -11.67125 9.357423 -1.467532 10.41589 0.04932299 2.394138 -8.061432 
  17.69757 -14.58273 -13.67283 -3.003016 -7.23945 7.846395 -1.984404 7.945226 -3.243587 7.52651 0.6357484 14.29755 -9.212104 
  17.0609 -14.33812 -8.12418 -4.079893 -14.15955 6.658386 -4.146719 7.800597 4.479114 7.798425 8.070312 4.548182 -10.54346 
  16.94116 -15.06431 -9.624509 -0.1248666 -13.6045 9.939121 -5.333785 4.048814 -2.803493 7.547709 -9.726807 -7.186546 0.4962002 
  16.81324 -18.12054 -15.20174 -5.843105 -11.34355 -0.9315484 -9.645301 9.88552 12.0545 23.46127 -6.676247 10.74636 -5.126935 
  16.99586 -14.8996 -9.823176 -0.9046156 -8.277997 1.8445 -9.288918 -0.4682029 -9.194715 -2.116708 0.6872821 6.615214 -1.437603 
  16.91802 -16.42513 -15.48384 0.3987116 -15.13988 -2.02275 -13.86403 -0.02626579 -9.235321 1.950556 -21.62008 -6.949605 -10.83174 
  17.02414 -15.23437 -12.949 -3.296359 -16.28181 -4.449687 -16.86737 4.631414 -12.99743 2.554282 -1.082141 -3.304985 -16.70828 
  16.865 -17.34488 -11.2094 -8.180339 -14.63594 -1.581911 -15.70832 -11.22692 -7.922745 5.633753 -11.56454 2.031283 -6.747012 
  17.23785 -18.28319 -15.89502 -3.888042 -7.04388 5.039181 -16.28522 1.908797 -0.2782514 -5.389615 -17.00006 -4.6013 -9.116638 
  16.99504 -16.3138 -12.73079 5.730186 0.9201009 9.634555 -9.616261 10.33013 -13.10121 7.685092 -10.09185 -2.58639 -4.976931 
  16.86379 -12.30523 -10.93505 -0.7916894 -6.511603 8.023373 -5.308725 6.457898 -7.515521 -1.722619 -26.5171 -11.96449 1.644086 
  16.91 -13.51141 -10.46087 -0.8791229 -18.24423 1.430934 -13.23433 2.710217 -1.711 -6.534395 -11.7243 -5.041328 -4.829982 
  17.67634 -17.55075 -12.4167 4.581792 -3.634534 2.330594 -7.050371 -7.804372 -15.24673 -5.152461 0.848136 3.628532 2.313617 
  18.15918 -11.84739 -7.614249 8.590146 -4.406701 5.185898 -10.09154 15.33633 1.023844 16.53884 8.131454 5.165448 -9.005325 
  18.48871 -13.57914 -7.172554 1.42651 -18.64687 8.469633 -3.766413 8.623677 4.382205 21.75161 1.314587 1.493079 -0.2902324 
  18.47995 -14.24579 -6.028402 -1.383431 -14.76708 5.984488 1.873399 12.66082 -2.55012 4.427378 -1.518412 21.19058 -2.927133 
  18.59838 -12.9663 -6.350005 0.8400856 0.1090545 13.39102 2.979254 16.70153 1.768028 -9.3762 -10.5624 18.21639 -3.821055 
  18.60586 -15.55416 -9.924652 0.964113 -6.695003 -3.38542 -7.213636 7.966534 6.658556 10.6075 -9.802485 7.636205 1.19442 
  18.78058 -14.55733 -8.868081 2.771846 -12.93936 5.061283 3.110048 14.99573 0.562895 11.89684 -6.255567 -2.754539 -11.0174 
  19.39376 -13.29521 -6.72291 -2.262421 -17.40403 3.027259 -5.646473 1.392879 -4.794574 10.02572 -7.726431 9.712266 -1.98782 
  19.33463 -17.49507 -4.954112 -2.341727 -4.508874 8.746372 2.266086 22.17326 2.782378 1.080087 -13.53664 -3.520818 -7.598124 
  19.28759 -16.9845 -7.443559 -7.799126 -13.9558 5.000001 -6.103016 4.012266 -6.760839 14.05415 4.343821 5.123062 0.5057519 
  19.41896 -21.02053 -5.884076 -8.026715 -10.84895 -7.851531 -11.1913 -7.062926 -21.9813 3.011447 -2.302495 8.999622 6.32464 
  18.83147 -18.22611 -3.80838 -2.628227 -4.396322 -6.036013 -12.82602 10.70087 4.281115 4.7021 -4.137065 -6.996906 -3.720711 
  18.90156 -18.20268 -10.35773 -2.555725 4.566984 -1.919559 -9.938111 16.48251 7.442901 15.56317 8.003424 12.00087 -1.206919 
  19.09719 -15.39419 -3.931419 6.700153 -0.8024469 10.26468 12.75287 24.97535 3.655603 16.44221 -0.2313861 7.620552 2.391298 
  19.69555 -12.93303 -6.878933 4.219879 -5.850449 7.96873 11.26738 19.87572 3.438979 11.13235 3.222518 0.3835087 -6.099483 
  18.51604 -16.01786 -10.37551 1.471199 -14.40947 8.775396 0.5290934 4.059316 5.621212 10.89078 4.723071 16.90757 -1.372464 
  17.97071 -13.20129 -6.934246 0.8712299 -16.75192 12.38433 3.455741 -4.585055 -10.4434 16.38724 -5.274799 4.512065 7.944277 
  17.8349 -14.93201 -12.49589 -0.8335736 -19.72608 1.092124 -1.193452 4.992877 -6.076693 30.19816 19.0121 18.63395 3.620991 
  17.56284 -13.93289 -8.727923 -1.830292 -12.60049 6.133402 -4.872317 -5.770849 -11.53449 6.550029 -6.578953 -3.05924 -5.483026 
  17.60044 -16.99956 -12.41757 4.767051 -4.369212 10.30862 -8.959826 3.010445 -13.48629 2.70209 -2.783889 -0.6728067 7.542964 
  16.99817 -16.61154 -14.81902 0.6013792 -5.187751 11.51885 -1.749307 -2.214144 -1.477787 6.897192 -12.14104 -4.172092 1.728201 
  17.09359 -14.75501 -11.10529 3.350697 -10.18862 2.339771 -4.081961 -1.473837 -4.096714 -7.001726 -9.56068 1.765205 0.9095814 
  16.94149 -15.16204 -14.16368 6.684285 -5.082741 3.761755 -17.57041 2.523151 -9.594177 9.925306 -4.097713 -2.859873 -12.52058 
  18.02908 -13.57363 -11.36403 -2.684288 -16.41986 8.321786 -1.784199 -0.959865 -8.406765 20.64893 9.141603 1.761397 -6.034104 
  19.94011 -18.12146 -8.128752 -0.5189067 -12.67909 2.670749 -1.037577 9.351707 -1.501676 8.10168 -0.631409 6.351259 -1.013984 
  21.80445 -14.389 -13.32322 -8.711749 -20.84723 3.549568 6.768396 13.70179 -2.36372 -4.872076 -4.104913 6.917633 -11.81869 
  24.55841 3.166278 -10.4484 0.08280709 -25.47737 -11.32589 5.339261 12.21439 -16.94017 -1.18532 1.976479 1.248711 -11.97632 
  25.34255 0.2670653 -12.73014 -7.014246 -26.09909 -9.149122 13.06375 13.31517 -25.31825 4.02786 -17.628 3.966751 -3.642537 
  25.63727 -2.723148 -10.30023 -11.71329 -21.67983 7.346524 8.438592 16.41432 -19.37724 -18.99258 -14.34219 6.606171 4.091903 
  25.67393 -3.103937 -12.63292 -13.82079 -14.29127 17.13431 -0.1584736 12.83015 -14.525 -21.98856 -2.538578 21.63471 -7.971311 
  25.71518 -3.84572 -12.79741 -13.41478 -11.31575 19.51478 -1.957225 10.52228 -23.01373 -18.14717 1.159331 19.0726 -10.14283 
  25.68307 -4.3212 -13.66589 -16.80087 -5.442508 20.9939 -8.560735 5.638559 -23.74478 -18.67433 -2.041799 10.71758 -1.159155 
  25.61576 -4.12873 -16.20678 -16.70633 -6.356629 23.44028 -14.10165 2.985783 -22.61662 -14.14144 -13.78308 11.22905 4.806772 
  25.537 -4.446897 -18.50226 -13.59949 -4.821135 21.65087 -14.85685 1.07458 -25.76996 -15.4912 -13.96947 10.17725 9.262626 
  25.4537 -6.490652 -18.26744 -12.46106 0.2738966 21.1362 -12.65197 -0.5473669 -28.95865 -20.76306 -11.09568 11.07538 13.4794 
  25.34399 -5.276865 -16.95939 -16.5159 1.645192 19.51185 -17.80882 3.152061 -27.58098 -18.23368 -14.05019 11.76813 15.31692 
  25.00248 -4.996818 -15.28816 -17.80445 -0.6963043 19.67815 -18.44163 3.56255 -26.42323 -21.06615 -11.03875 9.536373 19.20558 
  24.80966 -1.305359 -19.28057 -13.75603 -2.153694 22.19555 -15.41955 15.40722 -21.00406 -10.0837 -8.138877 6.328606 7.791796 
  24.34839 -4.986514 -24.5886 -19.41506 -3.14495 23.83784 -16.84563 13.96072 -25.0251 -15.57492 -10.27597 12.20001 16.49332 
  23.54662 6.849883 -22.47232 -20.37208 3.663383 15.7325 -23.06568 20.15815 -18.5118 -10.75186 -6.183581 -5.169537 5.09796 
  23.53637 5.856894 -29.73043 -24.78176 4.032289 20.88693 -11.3856 13.44787 -2.550488 -17.98248 -8.579975 15.25617 15.49526 
  21.28455 -5.161542 -2.196223 10.71055 7.242743 19.46532 2.941422 11.29076 -7.794714 5.055363 8.565199 19.89126 10.02327 
  21.24028 -11.48121 -0.9757944 5.095356 -12.17628 2.459802 -5.575077 -0.6161655 0.1538727 22.79449 -4.007491 0.9384928 -2.59116 
  17.34256 -12.21612 -10.38633 1.200875 -4.363984 4.76939 -8.714106 6.453146 8.070336 9.569672 3.474742 0.9060946 -2.235095 
  17.05982 -14.22688 -10.53659 3.740549 0.4760322 -5.049428 -11.09523 -6.292798 -18.30075 -5.768154 -1.869347 10.69589 2.626527 
  17.03689 -16.08255 -15.21503 -4.613191 -16.93517 8.522939 -6.963356 -5.15338 -3.548572 9.545165 4.925477 2.852497 -6.599312 
  16.81005 -17.16926 -13.93964 3.321751 -15.68277 7.679329 -6.393366 -2.048732 -20.66428 -9.01311 -10.01333 15.90808 20.00831 
  16.93987 -18.89245 -3.846921 9.115655 -10.60557 -4.183325 -9.794076 15.43427 -3.004843 -11.42165 -4.76632 4.878133 1.710874 
  16.92574 -17.05247 -7.851588 -1.174195 -8.491756 10.80703 -0.4327037 17.83402 -0.2100058 -4.687483 -6.137656 -6.490445 -6.611343 
  16.68454 -16.89362 -13.84264 -8.552947 -17.14678 4.826713 -18.65891 7.379939 9.908782 15.79441 1.463619 4.250396 -2.654105 
  17.30171 -20.91554 -11.10268 1.650899 -14.37214 9.786681 -2.880884 11.21381 7.145746 9.789847 1.10373 -4.001447 -4.045672 
  17.2673 -20.53587 -7.300992 8.440722 -6.497846 7.125747 -11.29653 -3.952522 -2.574382 -10.23427 6.503931 2.272493 -13.40531 
  17.3506 -21.72267 -10.24102 2.063166 -9.275411 2.40167 -18.00521 -6.805969 1.66192 -3.274097 -5.014579 0.04698658 -9.009501 
  17.50237 -14.27948 -5.483636 2.361277 -12.61522 12.05283 -5.695545 -4.616997 -4.615542 9.809362 -1.637573 10.41884 -9.129619 
  20.89814 -10.05786 -7.631176 1.486337 -12.7107 0.6334324 -11.12258 1.179599 -12.55649 1.217193 0.5504493 -2.471475 -6.179106 
  24.18846 -4.144586 -2.481646 10.4084 -7.392141 6.100591 -9.140273 2.405457 -9.901401 3.748001 1.619218 4.206293 -0.522534 
  24.62781 6.819911 2.430292 15.18658 5.360362 -1.341829 5.769176 20.06138 -0.6022186 8.880503 -1.287641 1.050636 4.975023 
  25.06755 2.129271 -6.594789 5.238029 -3.329754 0.281409 -3.155993 24.4376 -10.90579 5.256589 2.733619 2.838716 9.26332 
  21.72262 -1.161792 -10.78247 2.97598 -7.410136 7.182721 -6.168137 -1.80478 -9.95904 -0.8584253 -12.86411 6.373552 12.1284 
  22.86427 -2.727356 -9.667412 -11.92108 -14.07069 7.388258 -14.02947 22.08145 -2.113782 21.85597 7.071959 9.162031 0.7403663 
  22.13499 3.066776 -5.24743 -0.2219644 -2.822616 0.4137698 -11.39173 11.63175 -29.95791 1.971421 -8.122991 0.432538 -8.234456 
  21.48871 2.251328 -1.390901 -4.373606 0.4103696 4.747485 -12.02042 10.19137 -29.34734 -2.645903 -10.86088 0.2267561 5.415787 
  20.49824 1.095671 -3.698093 -7.371206 -6.700273 -6.171781 -10.40751 12.21758 -12.182 -5.948223 -7.385178 0.933177 -2.970263 
  19.88292 -10.34497 -10.03566 5.133277 -1.739826 4.293643 -8.162031 9.442175 -8.098051 1.821654 1.92818 2.762707 -10.46261 
  19.53125 -7.54233 -0.2629931 6.653377 2.607774 5.353429 -19.62913 -2.987254 -16.10106 1.843769 0.1389274 6.743259 -4.300561 
  20.41129 -5.391955 -7.292996 7.01478 -4.762928 16.45358 -12.30919 -4.115493 -7.440859 5.349552 -1.830718 -0.4635115 2.245106 
  19.91632 -7.602851 -5.073267 2.10876 -4.838652 12.32266 -11.25273 4.437471 -4.337952 -10.68762 -14.42674 8.73739 -4.321152 
  18.40101 -9.381572 -3.792384 8.749984 -8.220205 3.433065 -8.320189 13.30597 -8.534394 -10.03765 -11.2516 -5.918255 -1.301929 
  18.04338 -15.53687 -10.49302 -6.67606 -9.751513 12.88795 -7.117242 11.00117 -0.09166764 0.9814982 2.416806 2.146274 -8.910313 
  18.66068 -14.35677 -5.44139 1.75401 -3.634305 20.92762 8.67881 4.673306 -1.246464 18.21308 11.74563 -0.665906 -4.568626 
  19.00853 -11.42255 -3.28402 2.572262 -9.023043 16.71085 0.9937539 -0.8031308 -3.251275 26.24259 9.305146 5.097868 -11.25428 
  19.02915 -14.12193 3.314246 5.149541 -10.2965 1.53091 -6.220606 -4.644679 4.34151 14.36722 3.666757 12.12389 19.71049 
  18.4489 -17.83002 -2.170145 1.312803 -9.370122 3.209753 -5.275196 -7.802018 -9.514609 -4.835594 5.432796 3.963163 14.46029 
  17.4727 -18.49807 0.7743629 3.045179 -6.152145 1.393816 -1.404955 -8.743743 -9.100785 18.30048 13.15524 10.96836 12.98242 
  17.76343 -22.55074 -7.174222 -2.539678 -2.143783 0.3370102 -11.89611 -8.676502 -9.529813 -3.595639 15.99199 1.83688 4.675429 
  18.39016 -17.89697 -5.604089 -4.086657 -4.654418 -4.439276 -10.44097 1.966155 8.024568 9.336288 14.71185 -4.610152 3.94199 
  17.84015 -18.28891 -8.969404 -2.031427 -15.61148 -9.584305 -12.82358 8.627285 4.391098 4.842225 -2.170937 1.877297 7.310748 
  17.68779 -20.94371 -9.086027 -3.204727 -17.4148 -0.5936033 -10.80524 6.225775 -5.595593 7.091328 11.27152 8.836083 0.8969771 
  17.27127 -20.5647 -7.573736 -3.766241 -8.731758 -7.019692 -4.542731 -8.292665 -12.75389 8.961709 14.81654 -2.470499 -6.137719 
  17.19308 -18.86431 -9.925833 -5.30841 -5.980303 -4.22119 14.41068 10.72907 -6.003981 -1.670218 -9.7325 -11.45744 -8.111444 
  17.70149 -21.79112 -10.67589 -4.621796 -4.573401 4.536963 -5.69662 6.156912 -1.309891 1.670835 4.638243 -9.746684 7.458204 ]
