stop_2  [
  20.64195 -2.948898 5.75685 18.17162 1.017286 16.03563 5.489585 5.872844 -2.518165 -2.885206 -2.44865 19.25832 3.646511 
  20.2703 -2.96511 3.623088 17.26576 17.60285 9.859068 -16.91376 -3.696939 -2.085973 -3.357752 -4.233404 3.073483 0.4000797 
  20.01324 -3.779336 1.512812 11.40434 10.20665 4.760045 -14.63019 6.243851 -5.690468 -7.10573 -10.98232 -1.592697 -12.52208 
  19.7041 -5.330112 2.624272 12.13393 8.844358 19.2073 7.881699 -1.190933 -4.212571 3.396897 -5.660985 -10.07511 -6.158015 
  19.94986 -5.509841 6.843461 12.0441 -2.641334 8.444133 10.54108 12.07489 -9.814021 1.555795 -0.9696267 5.988939 -9.071176 
  20.18855 -7.242216 2.031623 11.16468 0.0283162 16.56586 13.07117 4.310249 -3.659395 5.601252 -9.437577 3.531323 -7.454392 
  19.95907 -5.584107 -0.1047774 11.32219 0.6768725 14.68668 -2.238974 11.95555 4.160793 -11.62832 -7.866107 -3.522715 -5.982842 
  20.52615 -5.877487 -4.357976 15.09722 2.907946 12.0375 12.23517 5.123662 -7.808401 0.09385015 1.605712 -4.148586 1.747295 
  20.36056 -7.854986 -2.431857 13.19944 6.035143 12.41188 14.09478 5.611418 -3.239199 14.60992 -0.4913394 -4.80766 -2.805608 
  20.52345 -9.480376 -7.899092 7.273817 3.403751 16.23439 7.555562 8.40209 -7.963727 6.84424 -0.4300158 -12.07591 -1.970213 
  19.23782 -11.04923 -19.02499 -2.341056 -4.173936 9.598649 0.7850848 3.489532 -7.390326 -2.335659 1.115155 0.405304 -11.05385 
  18.5752 -9.152804 -7.356805 4.543783 -6.394244 14.59663 1.655337 -2.337157 -12.9634 2.383264 -1.872669 -3.878537 -6.125914 
  18.6821 -10.0457 -6.472497 4.543172 -7.419444 3.721108 -10.53735 -4.887432 -20.54993 -15.63274 -12.39613 -3.846382 4.6663 
  19.09056 -7.755818 -3.631614 6.144833 -2.402501 14.77565 -2.721291 3.054312 -11.98018 -3.77865 2.964977 7.629699 -2.803556 
  18.93914 -6.070462 -2.965146 4.227156 0.08530636 25.40716 -9.926925 2.111727 -6.883244 6.609064 3.495521 3.065068 -1.942672 
  19.00827 -8.555628 -10.83771 4.353201 -4.933889 15.0809 6.230754 -2.848843 -16.44062 -9.175156 -10.05462 -11.80278 -18.194 
  19.0479 -6.832807 -11.68127 10.29132 10.39281 19.20015 0.2390848 5.213544 -12.39194 -6.344717 4.792566 0.3322763 -1.582723 
  20.21162 -12.06998 -13.35331 4.537108 1.257914 14.0821 -4.679911 3.342561 -28.68632 -5.465281 -2.089439 -4.102409 -1.951614 
  19.37959 -9.455067 -6.663272 3.981948 -1.210193 16.54565 -0.7517647 25.41723 1.061819 2.76953 0.3489512 -4.034306 0.8567778 
  19.75921 -7.501105 -10.44345 4.655373 0.3204951 12.01671 -6.08078 0.8010137 -14.40196 -5.756564 -11.00031 -1.96992 3.81682 
  18.76633 -8.383348 -7.085067 4.117783 9.858149 13.11613 -7.828386 11.98867 -9.70061 0.2573083 -5.485625 -9.23146 5.292372 
  19.20278 -9.153094 -6.714318 9.264846 -0.2294977 20.518 -3.727395 3.438985 1.991051 11.19516 8.342416 -0.5280018 -6.006526 
  19.02371 -7.117749 -4.215041 3.630475 -3.179524 1.710215 8.305197 8.359445 -4.45144 11.00386 -1.541645 7.5397 -13.71694 
  19.05858 -9.842142 -2.250679 12.01656 -5.77143 16.5599 7.902838 5.279052 -6.260516 -2.663721 -7.638484 12.64897 4.334009 
  18.43711 -11.68 -5.893397 9.612822 1.543581 6.916087 1.289811 7.593097 4.287355 3.956709 -9.528482 -1.153813 3.784469 
  18.25738 -12.96477 -10.31796 0.8915412 -4.755343 14.57285 -3.513846 9.469478 3.945768 19.55583 -8.343342 -3.935526 5.990232 
  18.52012 -16.22527 -13.14215 0.9083815 -5.311825 9.345526 -2.816695 1.628235 3.561912 17.15869 -5.092257 9.900576 10.87796 
  18.94611 -18.46993 -11.64505 14.73071 15.44746 13.28723 -5.448294 1.931274 -0.3592498 24.80574 -7.812405 3.841247 -0.2949374 
  18.98538 -14.07357 -5.163851 9.835071 1.536737 -1.223437 -9.313747 14.86966 11.29353 17.65327 -4.967572 -3.189938 -2.914654 
  19.46834 -11.72878 -4.41272 11.10056 3.736244 9.439748 11.24023 15.42027 1.915338 11.34781 7.325872 -9.3181 0.873781 
  19.45704 -10.70709 -2.109171 8.185148 -2.52309 4.390192 -2.392451 1.801553 -5.770852 -6.541241 7.6277 5.589932 11.29218 
  19.59094 -7.754831 2.311248 11.41887 -4.094119 -3.29387 -10.19208 -2.172917 -3.336887 -2.42066 -11.70347 -9.250957 3.194073 
  19.61001 -0.3042257 7.299335 18.99923 -9.863913 3.463971 -13.35261 3.674844 0.1120091 -11.43026 -19.13547 -14.14241 5.49262 
  20.05105 -1.05829 3.622677 6.671574 -10.72997 -7.627 -17.69626 -10.61086 -11.04968 -5.533335 -11.10615 3.906664 1.160989 
  21.08431 6.254204 6.530896 13.60426 -5.703594 2.827609 -15.60425 -8.595397 4.760521 -4.34612 -1.995883 -13.61154 -4.706136 
  21.3616 8.002942 8.351805 7.967492 -13.68687 -9.307299 -16.00834 -4.818907 -9.399225 -8.453301 -3.23114 5.755649 -10.30398 
  21.53768 6.397106 6.016162 3.628751 -17.61376 4.106194 -6.087073 2.175831 -11.77699 4.579258 9.650864 1.752497 -2.761226 
  22.97124 4.775162 11.22357 11.11925 -4.451122 13.09674 -14.4103 3.675905 -27.78112 -5.943041 -7.107705 -1.769817 -11.97717 
  23.19054 6.087874 1.922012 7.440177 -12.33575 1.867986 -8.763662 11.26752 -12.07618 -3.676401 -10.88588 -0.4350357 -0.558479 
  23.55509 2.405227 1.034424 12.93992 -0.9128927 3.93779 1.676165 14.48696 -17.39195 8.839385 1.029159 3.953138 4.396633 
  24.05259 -0.9571653 5.805618 8.880826 -4.055219 5.159322 4.527486 15.70047 -6.596013 12.34569 0.2995092 2.392262 9.528873 
  24.2026 -2.904341 7.298568 9.937822 -1.343552 14.92964 0.1604942 2.075843 -4.615216 7.081775 -21.13596 -3.273997 12.43397 
  22.20354 -11.31006 -1.09925 -1.1767 -3.577574 10.23613 6.823152 12.7559 -0.753651 7.521891 -5.706161 -0.4371872 -17.25442 
  21.36711 -17.28447 -4.401475 -2.296316 -5.776174 5.977814 1.521333 5.474921 -6.796609 0.234686 -10.04328 17.35411 6.371264 
  20.73947 -20.67133 -4.450007 1.425567 -3.102727 6.227808 -5.746673 7.030382 -8.842796 2.8407 4.700655 -2.10977 -12.74452 
  19.56499 -19.16011 1.216591 0.08956072 -15.95457 4.956124 -5.197791 4.344563 -1.356473 1.185325 3.96234 1.594883 -2.530602 
  19.79465 -14.30841 -0.2455563 -2.711821 -12.00832 0.037752 1.920934 9.771872 1.06211 -4.049606 6.912448 9.143274 -1.844683 
  19.44881 -15.25769 -3.279386 -0.3166614 -10.62039 3.458076 -5.146232 4.521168 -4.955925 6.56404 -4.564601 3.736156 -5.346717 
  20.1902 -14.11344 -6.550244 4.484646 -7.382707 8.113854 5.180281 21.17722 -0.5931185 6.282291 7.157465 1.970919 -11.85785 
  19.6514 -10.90476 -9.763697 0.6955211 -1.614954 8.368609 -2.46657 15.23041 0.6932722 4.546829 -3.599827 -5.130489 -9.66111 
  18.88077 -13.78823 -7.243336 -2.529757 -12.46096 7.858607 -7.327261 10.36171 -8.993001 -10.26945 -5.668688 8.361302 -0.1154337 
  18.07701 -14.90899 -9.116571 -5.527623 0.4997935 5.687337 -9.390966 1.2147 -10.81837 3.725935 -8.318777 -0.009664536 -0.7652318 
  17.20835 -14.02464 -13.9598 5.359318 8.069065 11.68674 -9.180001 -8.69263 -14.60928 0.837106 -4.108597 7.176825 -7.43892 
  17.54514 -15.30118 -19.19847 -0.4846658 -0.6914446 5.72241 0.852249 16.60742 -14.30747 -9.311608 -18.68976 -15.15931 -15.91241 
  18.30417 -13.41761 -9.74999 -7.396038 -1.583812 2.892814 -8.289622 0.6255825 -13.75393 3.821008 -3.329134 -2.132406 9.136724 
  18.21374 -12.97806 -12.96135 0.7711735 -11.1448 3.937321 -2.272876 9.991307 9.178401 6.607061 3.260813 -2.665358 0.8210427 
  18.50069 -16.65769 -13.28458 -2.502524 -10.43795 2.805195 -11.28995 12.76573 5.90875 9.854767 -2.334866 10.23986 7.089447 
  17.33479 -15.58534 -12.99258 1.080393 -6.284809 -0.08346434 -13.89555 -1.919926 -1.276566 -0.9061768 2.250077 -6.802308 -6.076959 
  21.05335 -15.71506 -20.30807 -0.7150782 -18.37433 -2.265174 -7.083149 4.074224 -2.535678 0.2234464 0.0253559 12.42793 6.924517 
  23.59039 -7.723886 -8.57607 4.981231 -15.07232 10.11849 -6.71185 3.965411 -8.266556 -2.369218 0.8646006 6.970087 -4.952604 
  24.87501 5.090919 -9.228299 -2.91669 -20.70812 -12.01064 2.889042 21.17577 -19.46125 3.586046 -11.06237 0.008319855 -4.646621 
  25.43328 -0.640485 -11.35495 -9.143772 -23.96329 1.838226 8.338223 21.4936 -22.15468 -12.91578 -20.53717 5.727917 6.824689 
  25.55906 -2.35135 -12.21482 -11.32102 -16.58498 13.56398 2.155019 18.20967 -18.85637 -21.38302 -5.934047 13.70919 2.256783 
  25.5429 -2.878158 -13.38351 -11.79954 -13.08226 19.27042 0.7203853 11.87306 -16.36229 -22.39306 -8.00161 17.12751 -0.4123438 
  25.47337 -1.941484 -14.04602 -14.56595 -8.560265 23.23481 -9.051672 14.42634 -19.21578 -24.87905 -4.389202 12.12474 -1.907809 
  25.40875 -1.983298 -14.32601 -15.03486 -4.943555 23.97198 -13.98906 10.87045 -24.23032 -23.62766 -6.048967 11.54372 3.389647 
  25.36963 -3.927778 -15.36242 -13.19201 -3.081358 22.32605 -14.78277 4.828945 -25.27257 -22.71151 -10.04998 11.2155 12.82154 
  25.28597 -3.824261 -16.76035 -10.02064 -1.177186 20.60139 -15.39618 6.008221 -29.23557 -23.77895 -10.04452 10.01084 16.99983 
  25.18575 -3.261891 -17.30907 -13.57049 0.7395371 22.36074 -18.26812 8.392805 -28.34788 -17.29503 -15.51671 7.511999 16.89344 
  25.06349 -3.105936 -16.99366 -15.84379 2.107639 22.77214 -20.33281 9.230592 -25.97388 -12.90837 -18.9451 8.582726 18.87876 
  24.87758 -3.042381 -19.70018 -16.54034 2.80177 18.16828 -20.01753 7.492371 -23.4066 -14.76756 -9.73945 0.5363102 21.39556 
  24.49912 0.3801369 -21.55844 -13.84871 -3.617915 24.62184 -24.65091 16.64569 -24.92917 -2.298723 -13.16132 4.133698 10.14446 
  24.45605 -0.7741767 -22.62299 -14.54834 -0.6729503 24.03301 -19.33411 9.044634 -9.898058 -14.51183 -7.041742 -2.237875 0.6446624 
  23.85541 0.1872444 -26.78914 -17.52093 -7.565978 26.52361 -16.63596 7.964524 -8.028855 -17.6042 -10.28999 6.870752 9.793141 
  22.54518 0.9270597 -4.878253 5.336154 3.739825 25.35152 4.632908 12.20268 9.88371 -0.1259131 -21.5473 14.00692 6.179893 
  22.43235 -3.589449 -0.3857253 11.26003 5.190145 20.02671 -3.187528 10.8405 3.180484 6.803285 -18.70572 3.122872 -0.05375871 
  18.51441 -13.45198 -6.920546 1.740834 -12.03437 6.751978 -0.5996771 15.4974 -4.251301 10.43346 4.362174 6.717167 4.88581 
  18.00919 -11.12964 -9.712066 -2.379925 -10.4568 7.689942 7.847364 4.85725 -5.090637 2.626656 -13.08147 8.446421 -5.414891 
  17.42067 -17.18356 -13.85893 -2.978213 -9.553296 9.600296 0.1643178 3.031303 -3.792223 -4.187742 -18.32048 -0.04595661 9.137674 
  16.87403 -20.23321 -22.09089 -5.40338 -19.62476 0.3305246 -1.889786 3.375946 -19.7782 -7.163223 -16.27019 -7.405586 4.01636 
  17.05987 -15.16583 -15.13434 0.7705282 -8.991302 2.513831 -8.482455 2.47426 -9.077769 1.860582 1.307453 1.221931 -1.528766 
  17.36937 -14.07619 -9.840447 7.752507 -7.79352 2.282511 -10.63884 -1.074404 -8.795658 4.424469 -5.893921 -7.192929 -6.482305 
  17.32935 -13.76099 -12.26884 6.114148 -12.92042 9.338805 -10.37634 6.729631 2.713791 -4.049634 -9.881238 3.412763 -2.708297 
  17.42459 -16.00708 -14.24024 3.925789 -13.24362 14.28157 -2.782571 6.087029 4.898915 0.7095317 -12.01907 5.908745 -4.020172 
  17.78126 -15.63125 -13.30464 -0.1526301 -9.210371 4.230222 -4.319798 19.98706 3.25179 12.33435 -13.89818 -3.562457 3.480091 
  18.06762 -12.98688 -4.902365 -0.3524161 -9.323172 6.717375 -14.13667 5.607663 -2.974514 8.431059 -4.678626 4.417731 -0.999183 
  22.00469 -4.956369 -9.654482 0.7253959 -12.75347 3.74328 -9.920303 7.777568 -10.19765 5.007071 -5.84201 -1.152371 -4.774191 
  24.50824 -1.461648 -8.018186 4.715032 -10.69785 7.94019 -5.56123 10.38342 -7.080486 10.89641 0.1474418 -1.158199 4.240774 
  25.13367 2.319154 -8.658581 4.121467 4.511227 16.19453 13.39541 24.32223 -14.76275 13.73095 -4.499786 -2.28903 -0.4824906 
  24.9361 -2.357587 -13.80154 7.444888 -10.31654 4.183332 -2.034413 15.03407 -4.799958 9.076385 6.828235 5.014804 -1.850479 
  22.7048 2.215124 -9.941033 -0.3579561 -6.658948 2.439414 -22.90593 -0.4490511 -18.59204 2.960423 -6.770134 -4.522576 10.97368 
  22.4679 4.162313 -12.39731 5.787589 -7.427272 -3.391304 -8.466148 -1.198829 -21.56051 14.61622 -3.662406 -3.810222 -2.602585 
  22.02303 3.265902 -3.98872 4.056312 -2.577089 3.917152 -2.576362 1.225403 -21.92795 15.65156 -2.131727 -6.859337 -12.28988 
  20.66844 -4.340353 -10.44943 5.174097 0.008142399 9.852442 6.889122 0.2709454 -17.16103 26.00306 -1.939378 -3.23194 -0.8434452 
  20.52053 -0.1131401 -7.595866 -2.581119 -9.453013 -0.1725029 3.906468 16.707 -21.82704 -0.8494502 -5.094419 6.976676 0.3950119 
  20.91277 0.7489644 -4.231223 3.411817 9.210752 6.320641 -1.519521 3.234149 -19.38903 -0.7994536 -9.566751 -1.361775 -11.09212 
  21.10323 -2.304111 -3.637237 7.207233 7.953793 7.655546 -12.06388 15.80114 -14.27758 -13.44363 -1.716832 11.19669 -2.975461 
  18.95288 -6.628887 -4.337113 6.579857 16.42018 6.668295 -10.67806 6.331224 -21.93534 -9.766796 6.351523 5.982871 -3.025635 ]
