yes_2  [
  17.52858 -13.49129 -9.693109 4.179341 -17.44389 -1.124873 -6.54552 16.49137 -3.384833 13.81946 1.308822 -7.027325 -5.73148 
  17.20082 -11.23771 -6.549283 2.80178 -14.54037 6.286636 0.04237952 -4.792866 -9.326787 3.960012 -5.560879 2.114528 -9.98816 
  17.91218 -12.54451 -19.82073 -0.824706 -8.738354 6.579777 -1.31432 4.093068 -2.865331 7.33027 1.610287 16.92923 7.891822 
  17.52585 -14.69566 -10.86072 -1.059251 -8.562726 1.17314 -12.77118 -4.09197 -5.824435 4.480325 -11.21077 7.096384 0.4686562 
  17.6823 -15.92212 -10.26809 4.807071 -7.903185 -4.007131 -14.52249 -2.114738 -18.60094 11.27541 -9.225482 -11.02292 -3.060786 
  17.58633 -11.35877 -7.105221 2.734737 -5.83215 2.138959 -7.716311 -1.614305 -13.47009 14.3481 -8.499893 -17.27063 -14.73198 
  17.76581 -15.73079 -6.548659 1.131517 -7.475523 8.58082 -5.033336 4.233212 1.236088 16.45598 10.19909 -1.0198 -14.74676 
  17.90108 -13.30914 -11.83153 5.827677 -4.670351 5.380158 -4.312387 8.342537 -13.1486 0.8362465 8.684066 7.226412 -11.56637 
  18.17904 -12.79222 -6.769236 3.278757 -10.46833 7.009549 -0.06865634 9.532154 -8.448694 -2.445616 2.02847 8.650412 -6.93122 
  17.49974 -11.38601 -12.36677 -0.7508568 -6.027326 7.382962 3.498316 4.118458 -3.950871 5.669405 -2.165912 -5.717154 -3.316181 
  17.30992 -12.35628 -10.75059 -0.827468 -5.450233 -1.451572 -11.27025 -2.214433 -15.12403 12.51874 -9.888791 -9.949385 -2.013082 
  17.06281 -14.35662 -14.92097 -11.7481 -15.53766 2.790307 -7.332586 -10.36391 -10.95235 8.277629 -9.865142 -4.788783 7.515789 
  16.89135 -14.52806 -11.63151 -3.321446 -16.19015 10.25441 -1.383869 5.294774 -14.77218 17.42823 -8.396143 -2.234339 -5.785094 
  17.54262 -16.64708 -15.38297 -2.243966 -9.597781 19.48736 1.539003 13.17462 -3.435101 21.26273 -17.89586 -9.7309 6.091312 
  17.3475 -16.20639 -17.22313 0.5824116 -8.767905 7.430521 -3.211878 2.426642 -11.13478 4.039259 -4.959726 7.617239 -4.736869 
  17.12592 -14.17683 -11.62924 -1.054832 -14.32659 7.506314 -9.368828 -1.726516 -2.078221 11.65804 5.337137 4.708374 -11.50867 
  17.24118 -17.44985 -8.29179 8.084184 -13.66986 9.209144 -7.565507 10.82613 4.324813 6.278965 -3.641265 16.56112 1.459538 
  17.18291 -17.70092 -11.83556 3.296242 -3.594183 -1.840174 -14.50251 8.820553 -9.037735 -3.234334 -6.866754 16.15552 5.286117 
  16.9593 -14.62198 -13.7256 1.828047 -10.86886 4.281994 -16.12829 5.08224 -0.9032728 -2.84813 -9.083663 -0.6431866 1.729048 
  16.90895 -16.16819 -13.36343 -2.90835 -16.9421 -2.886739 -16.47744 14.63087 -2.016147 14.01896 4.676571 -2.937733 -1.667186 
  17.2109 -19.89569 -14.32595 -6.032773 -12.59763 10.93672 4.803926 16.54025 -4.716698 -1.528594 5.454232 6.776147 -14.07582 
  18.1578 -10.78291 -9.26184 8.420444 -9.018899 14.93793 5.877747 14.85439 -6.347967 3.089358 2.465426 -2.508064 -1.778093 
  18.11435 -16.53123 -12.03051 4.649445 -7.80584 13.88864 -9.422341 2.432827 -0.1031871 6.371978 -1.685153 3.169853 -1.756567 
  17.46501 -12.55244 -12.66338 0.08421199 -10.08665 6.250473 -9.513033 4.441226 -11.58316 14.57486 2.928666 -0.01529789 -10.69223 
  17.09781 -16.30999 -11.09176 -6.330094 -18.90289 4.817219 -1.58387 9.629967 -3.411398 13.45854 0.6822683 -8.083714 -10.58397 
  16.96052 -17.27585 -9.938003 -16.17401 -16.47462 -0.7864001 -11.85267 8.374724 -7.03666 5.058746 9.037617 6.792684 -6.867229 
  17.64346 -14.46287 -7.903865 0.8489984 -11.73084 -9.294924 -12.02332 5.470472 -5.806208 5.452314 6.554501 1.687469 -12.80364 
  18.4033 -13.8676 -13.29884 6.394014 -6.184178 -0.1865851 -12.52336 8.512556 -1.134221 6.497702 -2.719158 -0.1523981 7.233986 
  18.01742 -14.3935 -15.55727 5.128829 -9.527732 5.664931 -4.434658 -2.055269 3.331728 15.8579 -10.99954 3.034332 2.992467 
  17.26038 -15.06798 -10.73894 3.698887 -22.92377 6.007672 0.4789424 -6.349655 -12.4614 3.690753 4.021235 9.835756 3.13333 
  17.56213 -13.36069 -12.68317 4.869439 -10.43966 0.5412332 -10.03878 4.502187 -2.179971 4.705805 -0.1389161 0.3191557 -7.313194 
  17.59018 -14.79613 -13.5595 3.119116 -10.60252 5.98322 -8.474 3.386976 -8.684326 3.95997 13.08772 -2.937181 -2.273741 
  17.68841 -15.12613 -8.394186 -4.388722 -2.708689 6.035347 -7.955298 -1.131923 -3.098604 20.36246 8.712474 2.875783 2.899289 
  17.35255 -14.4215 -13.36712 -2.551919 -4.442255 7.99141 -3.794404 -3.494646 -3.704932 6.876435 3.359966 17.06922 -0.3707103 
  17.18554 -13.85858 -13.8564 0.9025308 -5.635954 2.42417 -0.3331831 9.506114 -5.802109 5.231554 2.688134 -6.325536 -13.22236 
  17.5885 -14.8552 -12.47787 0.3191313 -4.955935 3.648984 -4.278751 17.13232 -3.423448 4.511358 -7.602202 7.958241 -4.314815 
  17.34189 -19.68476 -14.43444 -4.849136 -15.95776 -0.5978397 -4.825835 12.17447 0.965924 7.421567 -7.085592 -1.076863 6.283516 
  17.64966 -15.77863 -13.00428 2.633008 -18.7616 -5.508032 -8.371397 0.2534463 -8.800912 -9.31963 -7.916135 -6.57692 0.1231431 
  19.16367 -16.58043 -8.818048 -2.778608 -1.63169 3.832319 -5.496291 -0.4434137 -8.264325 -6.605416 -3.485244 9.852488 5.007629 
  22.03061 5.775413 11.06956 10.33791 -2.852181 3.583435 -12.99626 0.9647593 -6.169913 2.401664 -8.401987 -5.735564 -4.955654 
  23.42024 8.403699 22.44342 2.12956 -4.602883 -12.47777 -12.88012 0.9444097 3.118862 8.292372 0.8184124 4.739084 -7.373313 
  24.02784 5.528723 26.59485 -0.5794876 -13.61693 -10.90481 -18.61191 -7.727222 8.844533 8.021191 4.247893 -0.6497555 -7.302551 
  24.61543 4.721024 24.60659 -0.1633063 -11.62013 -8.332145 -31.26194 -17.20465 11.34346 9.190742 0.9825257 17.34987 -20.12391 
  25.0772 7.883813 8.717317 -2.446086 -17.29755 1.990208 -34.65751 -10.04693 -2.515504 15.57878 -2.763425 21.26494 -19.74879 
  25.38775 8.889777 0.6436149 -5.900249 -16.14595 -4.620991 -34.7974 -2.899583 3.050548 10.2385 -1.286882 16.72006 -15.73104 
  25.4986 5.746071 2.356797 -8.422047 -22.81992 -7.509881 -23.96736 -1.127053 6.683136 10.20934 -7.363897 21.86152 -17.222 
  25.54608 4.786479 -4.472153 -2.786464 -22.74323 -15.89647 -26.68834 10.24972 10.06903 9.87183 -2.509356 3.193233 -23.77961 
  25.59225 -1.142112 -8.210944 -6.624394 -21.31987 -19.25538 -11.04151 18.78861 -1.362005 12.2127 -7.109624 -7.890867 -20.62565 
  25.62934 -4.305433 -0.5162836 -8.947749 -29.10269 -10.3686 -0.9607536 17.46377 -6.463521 16.07121 -24.72892 -8.359829 -2.527031 
  25.54848 -3.942818 -3.777125 -9.96395 -27.5466 -14.18663 1.463508 21.8363 -9.536782 20.03173 -32.73266 -21.25707 11.90357 
  25.60012 -2.014066 -5.973081 -14.33 -22.97528 -9.969628 6.630723 19.80202 -20.44463 14.85793 -26.44151 -17.55353 9.032602 
  25.6237 -2.754909 -8.672619 -13.67587 -25.25129 -12.22288 12.84797 22.83977 -21.80861 14.26064 -37.46162 -9.126303 15.54599 
  25.59603 -1.941897 -11.75727 -12.85206 -25.14417 -6.609458 19.48115 9.27778 -22.42619 10.70748 -36.45689 0.1118889 7.462096 
  25.59519 -2.678415 -12.32413 -12.83822 -26.6822 -3.352656 23.4252 8.736245 -18.16505 2.886126 -37.33923 4.432737 7.127554 
  25.49127 -4.038805 -12.16253 -15.44827 -27.61526 -1.147491 26.515 5.523267 -21.06361 -5.138133 -32.48751 9.46645 8.155996 
  25.24354 -2.435668 -16.21543 -13.25907 -30.95035 4.580396 19.43915 5.622322 -24.04872 -4.531066 -30.21836 16.25619 9.061842 
  25.09777 -0.1729978 -9.553624 -13.26572 -34.18886 5.529863 22.08949 5.388198 -24.78969 -0.01142136 -18.64352 6.557848 4.991992 
  24.683 -2.019208 -13.08644 -15.04169 -37.51536 9.477273 35.24093 14.08987 -32.73767 1.796844 -21.74455 6.953058 15.59038 
  23.96052 0.2937689 -8.425542 -6.965497 -40.42122 3.893822 26.28634 9.758259 -39.93307 11.93824 -10.11693 -3.759922 0.6777815 
  24.09574 3.861243 -8.619302 -3.693225 -30.05566 8.342542 32.60455 23.98881 -37.58855 5.602315 -14.20336 -9.816965 14.73813 
  23.13844 5.685993 -11.10129 -3.21343 -30.63115 4.44719 16.27253 19.25865 -34.18797 9.16115 -13.8485 -6.295026 1.70522 
  23.17327 0.02442457 -5.36107 14.60666 -16.73254 20.51791 30.5909 37.23066 -22.29295 -5.190565 -15.37296 -6.586123 7.221215 
  22.65813 6.159874 -5.020267 14.17011 -11.21905 18.29295 10.98837 17.29267 -24.00949 -4.240493 -8.633711 5.074101 -1.739399 
  22.90209 -3.743901 -4.062634 1.510725 -5.887988 10.6126 7.468566 18.89499 -11.44807 17.44678 -7.739888 1.621654 4.831207 
  23.4567 -10.54478 -5.607387 1.24208 -2.51829 5.945049 -3.219121 13.22438 -8.367402 21.07154 0.6569974 2.552834 7.67825 
  21.88401 -10.66545 -4.854517 -3.36375 -1.331315 6.131052 -10.44271 6.783419 -2.376473 20.905 6.473822 0.8231449 2.839575 
  21.50442 -12.00567 -0.4433581 -6.379107 -3.687102 3.262092 0.2970119 11.39331 -0.2218349 15.63395 4.021992 -8.219287 -4.096064 
  21.83008 -14.53441 -0.4926195 -3.233123 -0.6361008 5.712803 9.314032 9.264045 -12.71164 9.384524 1.441256 3.109119 -6.895927 
  22.42322 -12.60731 -2.593707 -18.48886 -7.79793 7.331585 4.106409 4.721833 -3.332016 17.71252 1.468216 -3.147726 1.889273 
  21.99815 -11.26285 2.141924 -9.537299 -8.698999 -0.8092524 4.498971 23.34863 -5.856238 10.09144 9.308272 1.437738 1.600219 
  20.0738 -12.96734 -0.848295 -9.628026 -2.831322 -3.540023 1.558117 3.689209 0.3607245 5.072371 3.35771 2.753866 1.552387 
  20.27371 -15.18097 2.122163 -1.275537 3.569647 6.817382 1.392058 8.403278 5.983414 9.001097 -2.506108 1.776072 -1.490488 
  20.52573 -12.72981 -3.282291 8.669798 -2.291601 6.295442 -7.93141 2.504691 0.974788 9.214147 -1.107361 -6.792337 3.336288 
  20.41095 -13.99482 -3.309887 1.399772 4.782582 5.225657 -3.555319 0.5744248 6.781999 17.99337 6.394719 6.890659 4.924833 
  20.17157 -13.27113 -2.568748 -0.6268348 0.09224629 -3.360006 -10.43738 -3.539936 11.21047 13.98611 4.486861 -0.7060261 -1.361793 
  19.75931 -11.92912 -4.770421 -7.20433 -4.664041 2.260985 -9.644244 -8.335296 -1.002393 14.34924 5.986031 -2.028088 -8.639703 
  20.96509 -11.50083 -1.792761 0.4568093 -6.056457 -7.249381 -6.124381 2.884069 5.866991 22.47292 5.742225 2.726738 -0.6610759 
  20.58948 -15.83982 -1.930866 7.398973 4.60662 7.516293 -2.304695 2.644264 -0.5242484 -1.780123 3.910532 2.974377 -0.8569791 
  20.71821 -12.5398 -0.7160107 0.09093376 3.455958 8.71324 0.1948668 -6.187403 -13.20958 -0.3691528 -1.037319 5.068514 14.53189 
  21.38942 -10.3367 1.892801 2.082766 4.977775 2.877992 0.01041836 5.320695 -1.396211 9.853445 -10.22274 -0.1814861 -2.772744 
  20.34219 -10.8013 2.938501 5.594267 4.104077 13.30505 -0.6572757 -2.808503 6.142886 7.515455 -9.668416 0.2861824 -9.239674 
  20.59925 -12.01335 -6.38061 2.716789 -2.540008 13.18429 -1.896265 6.355671 -10.38713 18.59607 7.27069 1.590099 -3.507357 
  18.37359 -14.19722 -9.862774 9.575072 -2.626185 3.571716 -4.752187 -0.7965106 -2.638235 3.994202 -10.76018 4.676734 -10.32757 
  18.56872 -10.191 -7.770694 3.589772 -5.250896 0.08592481 -6.491079 8.693487 5.002066 4.2503 -10.10811 -5.165583 -5.42785 
  18.85366 0.3058552 -3.305624 6.989877 -7.901045 2.63757 -5.194341 7.910506 -1.287385 -13.92917 -10.15416 1.345442 -2.502412 
  20.47443 -4.034694 -0.08390439 6.955721 -5.573005 15.56886 -6.48019 8.329551 -16.26799 -13.30277 -13.05171 4.478268 -3.507776 
  19.97164 -10.08096 -2.016033 17.53652 6.248083 10.44897 -1.451109 10.04842 -6.191349 5.879835 -7.972927 -2.798226 3.310306 
  19.00169 -11.18654 -2.355715 6.794263 -5.330356 7.51988 -10.15048 6.045865 -17.93898 10.85072 -2.011874 -14.0517 -6.843008 
  17.44666 -14.70563 -12.05328 -0.2398829 -10.75098 -5.166639 -10.62568 -9.354599 -13.0962 -2.168823 -6.55218 4.065808 0.2966692 
  17.20617 -13.65471 -10.43008 -2.022171 -4.696349 -3.410933 -1.591974 5.031082 -4.967591 -13.38188 -18.63954 -1.249452 -8.649472 
  17.27476 -18.57292 -10.33427 -5.691622 -10.24614 1.684054 -2.784072 -5.650262 -22.4753 -3.023111 -2.173321 14.97192 -9.339628 
  17.18213 -16.61056 -7.048497 -0.6147006 -8.336991 3.776044 -4.513066 -6.376788 -16.65057 11.87133 -8.95929 19.58285 -12.80159 
  17.24277 -15.28032 -8.676498 7.328228 -12.10335 -4.8076 -10.55617 -6.032108 -4.699054 13.73205 -7.485802 11.25828 6.461022 
  17.10462 -16.91049 -11.08546 -9.098162 -5.043513 2.740949 -15.83113 -3.491786 -10.89825 2.722029 -8.558941 9.426599 -1.874251 
  17.44563 -16.34504 -9.077619 -3.023401 -2.197497 5.708735 -18.22169 1.275715 -0.9219664 5.723553 -13.04817 8.541899 -10.73158 
  17.30475 -17.80201 -15.7804 -3.079375 -12.64906 -0.06166042 -9.142422 -0.4557007 -0.4314367 -5.464719 -2.15517 -5.901947 -15.50478 
  16.83371 -16.30327 -11.26112 -4.389445 -5.514712 -3.741778 -11.73199 -14.8319 -3.343867 -5.672887 -11.45996 2.871377 2.880817 
  17.27794 -13.85312 -5.888247 -0.06857744 3.669827 4.738374 -8.646831 -3.257476 -8.61057 -5.920358 -4.971565 6.865602 5.299792 ]
