yes_1  [
  18.80459 -10.56414 -20.91874 -8.677816 7.573148 11.18937 -1.555444 1.91088 0.1013293 3.355278 6.582646 12.39043 6.742896 
  18.75554 -12.57797 -21.94323 -11.2627 1.182407 4.827158 5.160985 8.694886 -9.136912 -0.1887581 -11.77468 14.42648 -6.582785 
  18.28712 -9.765788 -16.2279 -7.012764 5.151912 6.119015 -0.3234042 3.859106 -5.182578 10.2441 -3.631353 2.007079 2.096947 
  18.18764 -14.84386 -16.8302 -3.290254 2.188728 -10.42382 -6.350099 11.77244 -4.046108 -1.297043 -8.646442 3.809306 -5.874824 
  18.55759 -17.52679 -21.28345 -2.537477 2.058225 3.159034 2.707635 6.482937 -9.108621 -23.23729 -19.84239 12.07349 -12.62791 
  18.53249 -12.56283 -22.72704 -7.706936 -0.8766494 0.5208375 -14.12264 20.26667 -10.57357 -18.70329 -6.062731 20.2711 -3.276563 
  18.58346 -14.57889 -22.74771 1.250023 -2.303987 -2.061296 -10.46131 14.32772 -6.24527 -23.43229 -2.834244 10.46187 -8.553143 
  19.14446 -13.07622 -18.44515 1.556938 -2.415513 -11.51481 -13.13958 13.79864 11.9522 -13.27581 -10.18798 7.028978 -12.40564 
  19.19414 -10.63021 -24.39463 3.330152 1.919781 -8.973158 -5.479811 25.775 -2.151825 -29.38489 -4.765447 5.869002 -15.91343 
  19.11254 -10.88062 -21.27703 -1.256594 2.140049 -8.467079 -12.14188 8.070639 -6.635457 -11.34332 5.352573 12.11799 -4.342883 
  18.73897 -16.98626 -23.03807 -4.997352 2.560155 -12.73178 -13.71585 14.05355 -4.580789 -4.415907 1.988948 3.196575 -13.00309 
  19.26296 -12.86084 -24.08937 1.114852 -1.3076 -3.033264 0.6838411 24.4982 -11.59723 -19.22088 -4.949642 1.982357 -11.52596 
  18.88082 -11.7283 -25.32576 5.006352 4.684854 -7.297057 -5.863567 17.42157 -0.2622134 -12.5055 -3.805154 12.90526 -1.52424 
  18.93773 -15.3356 -26.17578 -2.585464 7.302775 -0.0115513 -6.383183 14.71603 -7.527038 7.818537 15.06144 9.492468 10.33722 
  19.08283 -15.07795 -28.8674 -7.902916 7.814513 1.938464 -2.977149 28.55377 -4.787442 -6.888771 3.356423 9.352964 8.36445 
  18.83228 -12.33777 -29.22607 -2.745233 -5.19329 -1.282938 -1.967399 6.53407 -3.762718 -3.948282 -6.701359 3.193574 -3.330455 
  18.37578 -15.7472 -22.39971 -1.580734 -4.425387 -11.92814 0.7568318 11.99775 7.43427 -1.156433 -15.39543 -0.6851377 -6.922113 
  18.40266 -17.25322 -26.87614 1.047387 -0.01895476 -6.75296 -21.35996 4.28217 -15.44022 -18.98756 11.20229 10.39611 4.43507 
  19.34602 -15.88279 -21.86891 1.422333 3.207883 -9.451948 -10.63742 17.90802 -11.96178 -19.79959 3.982195 12.79984 -6.463936 
  19.30935 -10.80942 -24.8131 4.827573 0.3386582 -8.882705 -7.124605 19.45885 -18.71394 -18.72088 -5.71857 16.75031 -4.560486 
  18.99119 -17.61755 -33.2295 1.272892 1.701099 -3.720138 -22.63744 2.675844 -18.99635 -17.36275 -0.2291498 11.28325 -8.787657 
  19.06483 -14.50856 -28.03071 -4.270028 -6.988583 -12.86365 -1.755266 26.80366 -3.479256 -9.423843 16.83137 12.33598 -7.92883 
  18.91904 -13.3115 -24.33249 1.630471 -1.040173 -4.197994 -7.12163 9.355428 -6.383288 -4.295641 4.903666 10.40401 -2.687323 
  18.76466 -16.93769 -24.03623 1.527931 5.011772 -4.407955 -2.516886 16.9616 -4.487164 2.398958 1.150927 3.509231 -8.031858 
  18.54836 -13.34719 -21.88947 -1.759021 5.53804 1.496279 2.954008 5.283438 -4.059002 -4.718053 -8.363639 -1.729159 6.920002 
  18.45088 -15.58195 -23.30819 -5.234366 -1.256083 -6.50809 0.5583501 12.62638 -6.743693 -3.563176 -7.342986 0.7287712 -4.746905 
  18.88639 -10.79495 -21.01643 3.573553 -0.38419 -9.780075 -1.01896 2.333318 -21.20878 -7.723329 13.93884 13.04922 -1.1486 
  19.28564 -12.36696 -24.09686 2.469749 -11.97574 -6.893927 2.785871 10.58181 -1.87412 -4.584421 -9.264451 -4.163933 0.3878892 
  19.31967 -13.57758 -15.04007 1.159411 -4.271831 -0.2369015 3.917741 13.00254 -4.200274 -4.247174 -7.4473 -1.509061 -7.175443 
  19.11312 -15.0851 -12.74367 8.911405 3.106862 -7.777464 -15.61094 4.338994 -12.73571 -10.49363 4.602015 10.33829 -6.541741 
  19.1618 -15.1753 -13.54089 7.601608 -2.377064 -4.120753 -17.34348 4.544652 -11.18483 -12.5841 -1.645112 2.915168 -10.23131 
  18.84301 -15.75514 -15.52702 3.483161 -7.226654 -4.423446 -15.75969 8.620988 2.550168 0.7911368 -0.03008073 7.638682 3.126128 
  18.16931 -13.88822 -11.77574 1.593508 -20.31065 0.01631578 -4.41605 2.553302 4.543733 5.695708 3.916067 7.7946 4.10023 
  18.03791 -14.33144 -12.32179 4.98777 -16.11648 -6.191118 -8.131721 9.811011 -1.418972 -3.940781 -9.844454 -6.894127 -1.901922 
  17.90037 -11.98019 -13.7423 0.5321643 -18.28328 -2.509035 -1.421288 12.53211 -11.95283 -2.517401 -0.9712167 -6.382121 0.8267283 
  19.94233 -11.43005 -8.626493 8.632248 -5.797848 5.325496 -8.342727 3.391015 -6.782397 2.316039 1.226771 4.509808 -10.82729 
  19.50329 -12.936 -14.62519 -2.612757 -12.64898 -0.6957265 -8.469066 5.162274 1.269408 6.776084 1.175064 -13.86453 -0.3966388 
  18.81993 -11.47736 -12.22226 5.300174 -11.01244 3.804976 4.116334 8.291482 -0.06130768 12.10114 -9.200939 -2.189827 -13.59701 
  18.29095 -9.509535 -11.67412 -1.3272 -6.560209 0.8348311 3.252405 4.804254 0.274646 14.24311 -4.368307 -10.35858 -14.71799 
  18.55031 -10.75284 -12.19493 -12.7043 -7.052874 7.651783 -3.361128 7.737525 0.02518013 -2.239357 -0.8577018 -4.398093 -18.60881 
  18.89226 -11.24197 -7.305961 -9.834703 -15.60655 8.934416 -2.112688 14.61183 4.244287 8.144787 5.811493 3.526817 -0.3086414 
  18.57088 -13.5615 -6.863603 -1.506807 -13.59665 5.457931 -4.647608 12.95101 19.07011 11.32208 2.069525 4.87825 5.054968 
  20.48964 -11.64948 -6.961678 1.795658 -6.935975 7.830615 2.53508 17.30933 20.6696 27.6217 8.38499 6.110796 7.485218 
  20.5039 -10.94226 -0.8858191 11.84491 -0.8171616 9.185654 6.553305 17.2568 14.11693 0.1410342 -5.27646 7.380418 2.378603 
  20.00323 -11.15673 -3.423535 3.442592 -0.1084284 13.60824 -5.318646 7.960881 16.28637 8.078655 -1.195191 16.33557 2.69433 
  20.12668 -13.49925 -8.008578 7.686566 -0.974494 7.353155 -3.762358 -1.784626 -3.664155 -2.786307 -5.243128 1.115642 -8.97639 
  20.31177 -9.988718 -2.458209 9.115589 -5.389691 6.703356 -5.791824 8.787633 -6.095152 6.076745 9.671483 12.92086 -4.816389 
  20.46925 -1.631526 8.838198 8.333468 -1.389279 5.401672 -5.430801 -2.501425 -18.21709 1.452396 -4.951249 10.804 -2.610178 
  22.93219 -0.5956251 8.667455 15.85653 9.397153 19.00948 2.407888 -8.072831 -23.1276 -3.525221 -3.834762 -6.093664 -4.840333 
  23.51187 14.35001 22.15737 10.80685 -5.348191 -13.1407 -15.99636 -15.93272 -10.44198 -7.531092 -2.280557 2.836922 -3.36252 
  24.43099 5.279767 30.73899 7.935673 -12.84913 -3.377636 -23.17405 -21.6901 5.001845 2.266425 -4.604633 8.202988 -2.063856 
  24.86607 7.554107 19.76472 -4.795404 -9.156696 1.116929 -36.1337 -20.43159 -8.512464 4.584106 -10.42062 13.30309 -10.8524 
  25.32422 8.346886 15.16089 -10.88818 -10.68571 -2.406622 -23.87761 -26.44565 -14.65212 15.04239 -0.2056419 3.711737 -3.291421 
  25.49854 7.918513 3.963664 -11.62973 -5.753559 -7.153414 -36.85836 -12.40712 -6.471167 8.829986 7.425992 2.727058 -4.507098 
  25.59088 5.936983 3.964544 -20.1791 -8.8066 -5.880486 -36.67123 -9.811632 5.870271 7.749784 -1.7294 15.8248 -8.116917 
  25.57799 3.775899 3.676864 -16.54909 -17.4041 -10.12033 -27.63489 -5.858542 4.035055 10.07343 -8.686583 17.44497 -11.32439 
  25.60444 2.965837 -2.835592 -7.169681 -19.67072 -17.00867 -27.63677 3.512903 12.31611 7.027131 -7.575974 9.925495 -23.41616 
  25.65602 -2.512843 -5.226683 -7.834108 -21.87825 -16.18485 -9.544599 14.1555 1.517572 8.179685 -11.74312 2.837036 -19.26933 
  25.63292 -3.682446 -3.517488 -8.336424 -29.12995 -8.1076 -2.596724 11.74069 -6.431896 14.55472 -21.89158 -0.407896 -8.805511 
  25.5773 -4.890911 0.4033849 -13.54543 -31.62667 -4.779987 10.08031 5.617427 -9.749711 20.93153 -31.2419 -11.27773 2.275824 
  25.64809 -4.39208 -5.119277 -13.48444 -25.54827 -9.997058 11.27376 14.99883 -14.22132 12.84497 -28.94087 -10.99506 5.442081 
  25.65522 -3.723698 -5.396112 -13.86842 -25.13004 -1.855 14.63401 5.646607 -11.19389 2.139342 -29.53046 -0.4572144 6.271893 
  25.69285 -3.496989 -11.13602 -12.22688 -24.86187 -2.985204 19.57682 2.487021 -7.808899 0.2713908 -36.59772 4.644476 11.3783 
  25.73537 -2.860934 -10.94016 -16.84419 -25.83044 4.008377 20.40313 -6.571611 -9.837275 -2.581452 -39.71671 13.98915 3.953656 
  25.53088 -3.079023 -13.90061 -17.64977 -25.23759 4.793815 20.25131 -10.59535 -3.915011 -6.718958 -36.24561 13.68752 0.2550499 
  25.42879 -2.390776 -11.50616 -13.37504 -24.90896 5.891646 14.274 -4.027276 -7.479196 -19.43493 -27.75616 17.05863 15.2918 
  24.99254 -7.453144 -15.89504 -22.6366 -32.92275 9.723084 26.68255 5.646817 -10.05345 -20.64571 -33.85065 23.65466 13.76911 
  24.50179 4.836782 -16.29434 -9.549606 -24.0238 13.2643 2.876359 7.193609 -24.80412 -4.893067 -21.25601 -0.9200363 8.95017 
  24.08508 1.581024 -21.65524 -19.18339 -31.63465 14.33061 16.6799 14.66831 -21.96077 -10.04885 -27.88704 0.4339399 18.06884 
  22.86358 -3.529738 -6.990806 1.518753 -26.65392 24.30213 31.90512 26.34219 -27.23113 5.294917 -19.0958 -12.29909 21.76977 
  22.61206 7.140834 -3.063199 7.108234 -20.55063 8.030019 0.4613342 26.60968 -34.16018 8.250833 -26.72362 -2.750957 12.54369 
  23.60989 0.7737143 -3.836743 12.9241 -21.75457 17.74051 13.73261 14.02446 -24.71571 10.63328 -14.51528 -11.09029 5.537014 
  23.35382 1.83623 0.1688115 22.77798 -20.88307 21.89703 9.900539 13.8747 -19.78142 12.20033 -16.94024 -11.07303 9.288585 
  22.91882 -6.317449 -5.875817 3.332106 -15.66168 1.399159 7.698587 20.48625 -2.41978 21.17838 -11.03802 -5.447931 1.489403 
  22.73978 -8.1927 -10.56317 1.472917 -7.284432 8.09479 6.153438 15.15076 -2.974829 19.15094 -1.323926 15.20332 10.36629 
  23.52587 -8.88341 -5.368666 4.139865 3.077131 13.22372 12.29816 8.143427 -9.310445 6.727966 -11.65757 4.958044 0.5670471 
  23.22286 -8.743127 -3.947564 9.28824 8.244712 3.916366 -0.6586612 4.234439 -4.171562 23.11481 -9.112667 -2.231718 -15.58458 
  23.8196 -11.96879 -4.09966 5.254795 -1.329937 13.69305 5.395456 4.057272 -4.81672 4.985937 -7.980114 3.634993 -7.003558 
  22.37692 -11.28438 -5.232048 -2.444806 -1.561061 9.422255 0.3390229 3.127282 0.5009628 -2.28475 12.83823 -1.076511 -10.4939 
  21.713 -14.87739 -5.097383 -0.6967242 -5.097403 10.49847 5.961995 -3.904396 5.992529 -7.50858 -7.544014 3.95739 2.426452 
  21.87911 -17.48422 -3.438825 -5.903577 -4.566789 8.377731 4.628712 13.23441 1.992321 1.585574 -7.685112 -13.38556 -3.767985 
  20.90788 -14.49865 -3.479852 -7.415903 -9.607974 2.499839 0.8303953 10.22594 -4.946132 7.511505 -15.08812 -4.709121 -9.270613 
  21.41364 -13.91051 -1.559167 -0.06547549 -1.549709 6.890261 -4.906291 12.08494 7.929709 22.1543 10.41669 8.868044 12.45978 
  22.32915 -9.896945 2.642012 7.396213 1.691704 2.829244 2.648061 9.523036 0.2358682 0.358062 -7.327783 4.141371 10.86456 
  22.06544 -7.092313 2.890135 2.062037 4.563268 6.990085 3.852562 10.363 -5.251306 -12.70345 -3.916606 9.313992 -0.5977712 
  21.15169 -12.38823 5.913801 0.08059482 6.183737 0.587102 -2.226824 16.8725 15.58231 0.3829763 -12.09123 4.801077 6.772467 
  21.01026 -16.71887 -2.997987 -9.273727 -0.9109813 6.224577 0.6049308 6.428264 0.7719824 -4.822842 -2.105736 -5.619564 1.782073 
  20.68803 -16.43991 -3.066223 -5.865538 -0.9600378 10.66372 1.749067 0.4905425 -8.065125 -1.558814 7.188523 11.03509 -9.455626 
  20.52268 -16.04889 0.9710799 0.0278405 -1.208487 -0.5353891 -4.874156 16.5709 6.916564 -3.244072 6.071426 3.4531 -1.650696 
  20.52051 -14.17769 3.009458 -3.943458 -8.885437 -7.244694 -7.044975 -3.995715 12.16172 9.793985 6.198127 7.604925 2.032463 
  21.0123 -15.28512 -3.375116 -7.012685 3.554183 0.7925963 4.548029 9.709292 0.02565245 21.13535 9.626485 19.1169 12.28269 
  20.97029 -10.78841 3.876085 -3.218867 0.7001005 12.0169 11.31608 5.085682 5.824198 19.318 2.355163 -4.799938 1.904536 
  20.97439 -12.18337 -1.544279 -1.382894 -7.278857 9.578684 9.20467 13.16737 4.088449 7.079571 1.186348 8.31074 7.268018 
  20.90865 -13.07287 -5.490131 -9.875558 -6.997126 0.320225 -10.15927 5.580483 -17.63319 5.456251 10.19433 0.891449 0.7147922 
  18.99497 -15.03154 -2.606658 -0.8916634 1.070351 2.403313 -7.920877 8.003233 -5.401872 10.87223 -15.96171 -20.15004 -16.65352 
  19.08271 -12.40656 -3.339341 2.277139 1.37845 8.122492 -10.33276 19.96985 7.355085 16.24901 2.273123 -2.788424 -8.558975 
  19.43499 -14.55473 -5.855134 2.052543 -4.398349 17.49268 5.154772 16.89091 7.349045 15.34249 7.597829 5.057467 -5.918608 
  19.75905 -8.210871 -1.516209 2.339696 -1.68166 8.505762 5.387209 6.624592 5.275746 9.032634 0.65259 12.3753 6.615294 ]
