yes_3  [
  17.57294 -14.66884 -1.082458 -5.562692 -5.030346 -3.486593 -6.93707 -0.8879226 10.68919 2.751456 1.463823 -11.02845 13.70586 
  17.7227 -12.89876 -5.965443 -6.950388 -13.36445 2.767776 2.647128 -1.344978 1.153605 2.074152 4.620035 -1.738635 11.01471 
  17.91481 -14.69951 -6.168886 -0.4654008 -7.481559 0.9801672 -11.30058 -0.8974764 -2.619489 7.851176 8.548122 -15.49453 11.74705 
  17.93796 -14.19699 -3.525945 4.532405 -8.580637 6.29712 -2.198162 11.51832 5.216152 4.465546 1.315911 -2.342989 -8.416108 
  17.32962 -15.27926 -9.8691 -1.185533 -14.74022 9.10587 -1.649253 15.03748 9.474769 5.441634 12.43612 1.892595 11.48613 
  17.42497 -16.83105 -7.588468 1.521823 -3.14928 7.405967 -7.770405 0.2396191 3.319064 -15.97911 -7.488274 -4.42186 8.808637 
  17.53659 -20.88632 -8.636926 -5.092816 -2.902503 5.560039 -15.07758 -2.859426 4.217981 -13.02365 1.833856 3.51745 -4.329349 
  17.53158 -22.35561 -6.670281 -3.53594 -17.08401 -5.48374 -10.23305 -8.605606 3.077245 -3.871834 15.38997 -0.4255142 -7.919806 
  17.48475 -18.70497 -1.891225 0.9188028 -10.80867 -3.781497 -11.06796 -6.93321 -6.48128 -3.31589 15.45811 -5.78966 -0.5835571 
  17.70531 -15.42843 -1.893301 -0.6191516 -17.41657 2.22743 -6.229457 6.420392 -0.6670635 -0.4997132 5.351595 -21.34287 -1.140126 
  17.62859 -17.80303 -2.527429 -6.176291 -15.56913 1.481071 1.58482 4.466255 5.660338 1.921129 4.241374 -5.830688 -3.025289 
  17.53204 -18.77187 -6.947433 4.325294 -0.6974868 0.3516361 -2.943354 -4.397168 0.7521396 -7.206032 9.265282 5.940565 -5.944185 
  17.23339 -20.27255 -7.80718 -1.648286 -5.163138 0.5432165 -5.962421 -3.398853 3.4509 3.272755 4.727578 -1.770836 -0.01779391 
  17.2466 -19.72665 -7.125826 -0.9835134 -12.34409 0.9979342 -6.146563 -2.946726 -11.43696 -14.3409 -7.123121 -11.25786 -16.4549 
  17.26185 -14.97572 -9.505224 -5.060434 -1.997322 3.404267 1.28938 -15.00524 1.358184 -14.60904 -2.471886 -7.142386 -12.53385 
  18.08641 -16.4992 -6.975665 5.538349 4.642867 7.095861 -21.40361 -3.766799 8.003539 -13.04815 1.669323 2.54738 -3.559917 
  17.36587 -14.5143 -5.867688 -3.300619 -7.778021 0.5055935 -13.46667 -2.485657 4.0358 0.5325668 -5.716852 -4.154074 -4.251402 
  17.32724 -18.10815 -9.344504 -3.515878 -4.82776 -5.764066 -7.645767 -0.9914896 -8.060218 -6.805287 1.970709 15.02901 -3.847797 
  17.11073 -15.7548 -11.38052 1.09546 -6.87073 5.140217 -7.783777 -0.6849788 4.314965 6.322464 -12.12072 -3.084749 0.0843071 
  16.9173 -15.37109 -8.349966 -1.574169 -16.7839 -4.884753 -18.61176 -1.019648 6.94442 1.749269 -14.82864 -5.371819 -0.4329749 
  16.89525 -12.98393 -11.15301 0.4227729 -13.23134 4.013048 -7.660351 11.37756 -8.382303 8.897376 -1.264482 -3.022851 -0.2544178 
  17.02783 -16.48195 -8.966598 4.227934 -11.08644 2.936883 -7.967186 -8.066827 -22.98358 12.33075 -0.02958756 13.29247 6.521045 
  17.50804 -14.27195 -9.133078 -2.033748 -6.29518 2.399726 -13.28011 -9.064198 -13.03892 12.73082 -6.452516 10.7303 -0.2820639 
  17.44417 -15.02711 -8.899469 -4.418279 -13.02371 5.68501 2.295626 10.26442 6.77044 1.512456 -4.92727 5.698674 -7.957326 
  17.37934 -15.34097 -11.17947 -3.062192 -13.01653 10.25548 -5.927209 -13.22828 -5.727577 -2.72042 -2.240463 -2.697372 -2.652623 
  17.1838 -17.20815 -7.206603 -2.377028 -7.139863 -0.4372988 -1.058613 -0.8608256 -16.09932 -4.260022 -4.183413 13.73897 4.727175 
  17.31351 -20.06252 -5.712643 -0.6763225 -13.81486 3.790436 -11.45902 -8.280073 -10.20807 6.173515 -0.007448616 5.943192 5.80415 
  17.25508 -16.81638 -6.072014 -3.08177 -5.982129 11.04548 -13.59986 -1.719911 -12.41984 0.3488224 1.503515 1.170665 7.36055 
  17.26513 -24.77972 -8.818906 -2.610234 -18.32636 5.223263 -2.098832 11.46984 -10.65351 -11.91092 -4.396214 4.655674 4.141725 
  17.36272 -18.28576 -6.788627 1.944105 -16.92927 8.271599 -8.36165 22.31386 10.05136 -2.331218 -1.980079 11.17859 3.465032 
  17.56786 -14.26824 -10.13112 -2.012159 -6.057726 9.167531 -4.568769 7.724704 8.567715 -5.229846 -15.58721 -2.945778 3.734219 
  17.37922 -16.12862 -15.56088 -4.185521 -20.08762 0.9609293 1.659698 4.416902 2.969227 5.786886 -10.32601 -5.382285 -6.186903 
  17.32354 -17.73565 -11.20234 -1.841305 -16.61936 -8.563798 2.848261 2.579675 -16.29788 1.313814 -12.43016 -8.6738 -1.890367 
  17.58336 -16.1978 -4.14384 -4.08086 -20.32708 5.919963 1.611075 -9.230426 -18.01452 -4.516421 0.792056 8.003543 0.09050295 
  18.3175 -19.54449 -8.095088 1.223163 -15.13789 -6.77938 4.074327 9.235774 -0.4187941 1.113083 -11.04701 0.7308397 -0.3184737 
  18.56719 -21.0389 -4.244655 6.467239 -1.279715 1.679305 -3.084481 -1.535507 -6.121059 19.99426 -3.44278 2.097673 -10.98265 
  20.31108 -11.01622 3.841935 15.05246 2.122479 14.53733 -1.527493 -6.876498 -11.69929 -7.95723 -9.966939 -10.74912 -16.1009 
  21.0494 -0.9778783 8.971259 15.52312 -9.361919 9.724352 -8.272351 1.521734 0.3463081 -9.622024 -4.048498 -7.482345 -6.802083 
  21.59089 -2.173052 11.9483 13.89221 -9.84732 12.72378 -22.02404 -4.533729 -0.5325298 -4.989578 3.429507 -10.26982 -10.69192 
  21.62468 -0.07564326 13.81681 17.77817 -9.476628 0.146932 -12.40665 -4.037461 0.1299784 -4.657574 15.28171 2.803133 -23.1441 
  22.40116 2.057481 14.27843 8.884236 -5.855279 -8.365014 -11.50788 -3.563914 2.190199 0.8894828 6.324183 5.941692 -6.826554 
  23.11635 3.054916 24.48838 0.4190495 -6.0533 -14.23913 -17.36325 0.4034869 5.937325 -4.069842 9.199782 6.309208 -7.469147 
  23.82066 3.440054 30.46036 -7.747875 -10.57935 -6.966571 -24.51436 -3.363244 9.944209 -1.815483 6.183955 4.748829 -5.794705 
  24.30409 1.1257 26.55065 1.328462 -13.77703 -13.08202 -23.19883 -10.30506 7.148747 3.675368 -1.155851 8.832539 -7.28372 
  24.72535 1.970588 19.09859 2.306485 -14.1021 -8.933234 -32.59551 -17.90187 3.850702 17.62848 -3.445246 20.73847 -18.61011 
  25.06217 4.225746 13.10903 -4.455327 -21.33699 -3.276322 -28.0095 -15.46158 2.664948 19.6562 -7.252123 19.54356 -16.3064 
  25.30392 5.179498 5.82544 -6.530706 -22.27448 -12.18526 -19.8978 -1.956131 5.903822 8.995895 -7.211694 21.861 -15.54222 
  25.35665 4.061748 7.358932 -9.247207 -21.05334 -16.65196 -21.99238 11.64447 5.131026 16.51098 -11.23234 12.89095 -14.9492 
  25.42404 0.6881256 -2.845905 -6.030366 -20.70487 -21.01333 -20.00622 15.3083 5.008783 18.7587 -8.721314 -1.189928 -31.92498 
  25.40508 -2.407568 1.676221 -12.83104 -31.10509 -4.198576 -6.932052 23.37169 -9.045235 17.34535 -18.38613 0.878952 -10.47571 
  25.26038 -0.6975402 5.453915 -11.18412 -34.82207 -1.100245 -0.5419499 20.77761 -4.514837 14.6344 -36.97413 -0.2753506 7.745489 
  25.36426 -1.235691 1.044295 -13.50091 -27.93771 -6.873903 11.96335 21.82911 -20.96556 14.59531 -38.58633 2.118073 8.728004 
  25.45896 -1.5723 -4.138982 -15.07633 -27.81439 -4.715096 21.32736 13.08044 -24.33497 9.408888 -27.24753 2.551374 3.881732 
  25.49267 -1.902036 -7.632227 -12.3617 -29.80749 -2.929439 25.39466 10.70326 -22.04139 0.6685928 -28.21356 7.368811 6.24228 
  25.49613 -1.468706 -7.258523 -12.3838 -32.57919 2.992652 21.96871 7.606269 -26.43646 1.998181 -22.49499 5.729856 8.079667 
  25.37356 -3.498268 -8.532315 -13.73861 -28.81801 4.846232 21.15746 3.134924 -29.52522 1.022826 -19.9484 9.17082 8.69877 
  25.20053 -3.338435 -6.540892 -11.63386 -32.60321 0.1049279 27.40968 7.419069 -30.79637 -6.520387 -18.37238 13.00002 10.51167 
  25.05693 -1.941609 -5.574127 -11.23933 -35.09266 2.836818 29.71433 7.63362 -32.74266 -5.537528 -17.01093 14.02151 7.735466 
  25.00334 -3.646646 -11.60798 -13.24906 -33.46492 8.24415 22.43553 7.066256 -41.6889 -3.501331 -17.73883 5.606089 16.38449 
  24.5411 -2.690645 -15.76793 -16.18289 -30.39516 7.363345 12.3774 8.388796 -32.07882 -10.082 -16.42538 3.738161 10.03339 
  24.16675 -7.70117 -26.85929 -27.99827 -40.05722 15.18895 55.5887 24.90155 -43.56133 -15.50764 -18.1909 -7.728842 30.64191 
  22.62542 0.7033729 -12.13798 -4.738958 -23.97711 5.979195 -2.136136 10.47327 -27.94395 0.3850038 -10.7124 -3.257352 12.11967 
  22.47525 2.41714 -15.96533 -5.074675 -32.40705 -2.539464 -6.624453 31.03541 -34.6387 1.305643 -14.89007 -19.21233 18.73893 
  22.27042 -9.83087 -15.67043 -14.16062 -35.40015 2.706068 15.73713 42.12051 -24.65443 -6.423986 -20.80785 -27.06374 14.93256 
  19.2863 -14.97652 -9.911629 -5.40479 -14.91157 8.535394 7.015874 13.5947 -10.42998 11.62937 -1.247694 -12.87646 10.46759 
  19.41334 -10.19201 -7.068643 0.7186131 -9.377094 2.815236 10.70687 26.55027 -5.54156 29.83072 7.064051 -10.23776 9.684008 
  20.2303 -9.092711 -7.442656 -3.231035 -5.51141 7.891931 -5.309995 7.507024 -10.22643 17.05418 4.733468 2.095339 -4.666694 
  20.47978 -7.474297 5.499054 -1.418856 -21.28013 6.878374 5.794142 11.96275 -12.67874 10.20365 -1.184092 2.986788 -3.242758 
  20.27255 -11.11982 3.871234 -3.381708 -7.482656 0.1766649 -5.076968 -2.370986 -10.77446 14.98307 -7.443191 -5.402627 -9.377546 
  20.37836 -18.69401 1.463825 -7.646791 -12.42558 6.390911 -6.675728 12.46223 -3.361196 2.490654 3.251292 6.071972 11.75351 
  19.70362 -17.45317 -0.4203683 -4.358675 -16.30668 -10.40689 -13.72978 11.40832 6.580153 8.315011 1.525634 9.13456 1.481155 
  20.85539 -11.28958 1.38878 1.045956 -2.03225 1.551114 4.32324 1.285376 -7.836326 -0.8366735 6.620487 19.17795 -1.197518 
  20.85737 -15.70441 1.10406 6.358974 6.116097 -5.352029 -0.8658648 3.9663 4.259178 7.267437 0.7752739 12.87702 15.01355 
  21.85173 -12.00194 4.569042 0.888742 5.597203 4.062191 2.91026 6.710699 4.576486 13.2505 12.52148 12.80885 5.392809 
  21.61351 -17.04103 -6.646908 3.240729 3.066938 14.28617 3.088714 6.968541 6.475801 23.76203 3.966167 10.53104 -5.114036 
  20.62478 -10.77665 -0.2071897 -4.344164 -1.2587 -0.4098738 -7.896017 2.012183 -9.785766 7.670374 -7.980279 -3.694427 2.302835 
  21.47709 -9.543099 0.5798877 0.7271248 -1.844796 3.534425 -4.216161 1.211595 -10.11671 5.159527 9.774185 -4.155204 1.490758 
  21.39999 -12.8114 -1.401767 -14.40698 -7.540832 3.638982 -0.5507962 1.059985 -0.9502113 6.137152 5.60171 2.705566 1.33608 
  21.63311 -12.78384 1.281773 -2.931528 -3.366024 8.184998 -13.13839 -17.01019 -11.18564 9.181183 8.434339 5.699055 3.663112 
  22.20984 -10.56325 3.178657 6.762628 10.93195 14.48417 2.896467 -5.508956 -12.41306 -4.216965 1.432946 5.236673 3.535119 
  22.13087 -7.987477 3.761808 3.057419 8.310676 2.355547 -0.1236303 2.060588 -8.087371 3.685346 7.058714 8.393623 5.812746 
  21.53709 -8.844991 5.34678 3.751636 0.6897552 3.560059 -3.301424 16.46155 -7.442444 -1.668278 -0.9816527 4.060547 0.5225964 
  21.70671 -8.01526 0.3302777 -0.371065 0.5339399 3.558713 -11.24666 13.95436 -4.73336 13.02743 1.031146 -0.7396088 5.315199 
  22.45161 -9.591401 -0.04840916 -2.772048 -9.181584 3.787635 -0.7456452 20.37982 3.182526 -2.840529 12.50532 10.25912 4.005504 
  21.31867 -11.50026 -3.272221 12.42844 0.2262745 15.88093 -0.206462 17.676 11.51019 -2.947668 8.188358 0.9738235 6.077934 
  21.83254 -15.40305 -6.493786 10.16734 -7.979494 16.85233 -10.13039 17.83789 10.47613 8.987014 8.216759 -0.02719975 4.410958 
  21.18819 -19.51753 -7.796228 10.31043 -16.66546 21.36512 13.24036 14.41273 7.814106 3.972202 6.194263 3.089521 1.1533 
  18.80597 -15.13035 -12.66851 12.38713 2.956552 12.97186 -13.68669 1.685949 -8.3148 -4.737405 3.297775 1.628732 2.125372 
  18.71425 -14.13731 -10.68745 8.5723 -11.4791 4.005956 -7.391388 12.75762 -12.64014 1.784786 12.76425 -3.143168 4.34754 
  19.02184 -17.94372 -14.66045 8.151037 -6.509751 9.63328 -2.298993 14.40056 13.98057 4.602789 -2.406634 10.27905 8.507855 
  20.08423 -14.75285 -6.242909 10.85698 -5.901857 19.50121 10.91341 9.201983 14.52585 11.68351 11.81427 5.910599 -3.242914 
  20.31942 -13.03542 0.9761951 20.71714 4.380011 18.59586 4.22278 10.84466 2.408221 4.14693 -10.18633 -4.206676 -7.699454 
  20.80165 -7.578321 0.2378767 20.13046 0.4430717 19.9716 -0.4189858 6.540162 0.2587969 11.99335 -2.237212 -0.7094793 4.084335 
  20.43016 -10.99873 -11.34177 8.625117 -1.632518 11.86141 -0.08831177 9.47094 13.83359 15.04976 2.368263 -1.159301 10.34941 
  19.25223 -13.93149 -10.37822 9.762573 -13.00073 7.069684 -6.980014 13.47256 11.57522 14.19202 0.4509899 11.71108 10.87731 
  19.49581 -8.765867 1.075236 13.94496 -4.235819 17.68429 1.644177 8.359939 0.1337832 8.592934 -7.168621 2.35554 4.134058 
  19.55005 -9.091978 2.049529 16.06597 -9.154815 12.71644 -3.652482 9.872998 -0.2800174 17.44224 -1.726557 5.434896 -7.368614 
  19.30636 -10.05094 -5.696076 8.258432 -5.164632 4.659064 -15.25924 -0.8865389 -11.73345 12.18234 10.36591 14.43263 -6.515478 ]
